-0.30568108 -0.07904558 0.05982031 0.35303855 -0.27877122 -0.29893172 -0.38285562 -0.23487775 0.081241965 -0.49406832 -0.1530633 -0.07417748 -0.030695248 0.024644272 0.026863595 -0.12723859 -0.07269319 0.30435714 -0.029929806 -0.005091452 0.18339585 0.6074208 -0.27377677 
0.3369818 -0.006875105 -0.04112201 -0.23402518 0.1525969 -0.14110003 0.035163943 -0.13907008 -0.07831698 -0.11415215 -0.14466758 0.0054497547 -0.22999339 0.61527824 -0.048623484 0.22918473 -0.13136964 -0.8537103 -0.14059404 -0.22125013 0.3894524 0.117199175 0.29034823 
0.21871474 0.15819591 -0.39474234 -0.019541964 0.06713963 -0.16126528 -0.05931794 -0.11823541 0.08334198 -0.018875204 -0.12849692 0.020343466 -0.1596732 -0.03714252 0.030396314 0.09861311 -0.19641693 0.2687746 0.56459624 0.09501258 -0.06735438 -0.3351 -0.23165813 
-0.1816061 -0.3962635 0.54552186 0.036162477 0.018594602 0.17372042 0.1404832 0.2473085 0.56561965 0.21804854 0.0310755 0.13870251 0.5519632 0.47233465 0.3384174 0.34831876 -0.20399766 -0.3870826 0.19582978 0.081843056 -0.089572474 -0.3149865 0.21551456 
-0.3918617 -0.20270358 -0.43704855 0.20879877 -0.40713286 -0.5189827 -0.5004477 0.22234398 -0.21171355 -0.046236873 -0.8770157 -0.48752937 0.08950637 -0.041033715 -0.26015052 0.1775083 -0.23172793 0.18217677 0.1441303 0.13776362 -0.314491 -0.49176267 0.40661827 
0.11696159 0.11945915 -0.011510258 0.022113187 0.067296326 0.30754253 0.48014322 0.25133127 -0.4315298 -0.113321744 -0.30130807 -0.512501 -0.456806 -0.4565836 0.18659244 0.2159634 0.2698837 0.21355578 -0.1649942 -0.31265587 -0.005840867 0.5300543 0.46590954 
0.3551887 -0.29377407 -0.15901689 0.17536488 -0.26000345 0.25503293 0.21921192 -0.52395076 0.1746423 -0.17600664 -0.69710594 0.29986256 -0.18112575 0.13539489 0.04833147 0.018282648 -0.08963305 -0.15020414 -0.710904 0.071991004 0.055722468 -0.37255365 -0.2628376 
0.21658178 0.44659856 -0.0673953 0.5330791 -0.021217173 -0.34117675 -0.24362952 -0.019428257 -0.08092836 0.15110454 -0.3787718 0.12592036 -0.065265484 -0.41879487 -0.08482306 -0.17205751 -0.38573277 0.17440975 -0.30789912 -0.57442075 -0.009580719 -0.2204883 0.12787612 
-0.12384858 -0.03730699 -0.15737191 0.3932671 -0.4919559 -0.106331766 0.10911675 -0.36444962 0.46127424 -0.42158213 0.12251081 0.19078566 -0.022921382 0.31043157 -0.31866783 -0.29644018 0.3629012 -0.07608543 0.286431 -0.55299014 -0.09762848 0.24327187 0.09138298 
-0.47309014 0.07597256 -0.39167565 -0.2961145 0.18372938 0.36978635 -0.09029126 -0.14548413 -0.17514622 -0.45246488 -0.6170319 0.09486948 -0.29902613 0.44993868 -0.051512897 -0.5902661 0.21933655 0.44036728 -0.021899343 -0.088317834 0.18302545 0.066264585 -0.04843948 
0.175475 0.24231632 0.017735401 0.08166282 0.13677473 0.8807718 0.4359711 0.016967637 0.08336737 -0.24007352 -0.043317273 0.086527966 0.08824035 -0.094063744 -0.26078308 0.40108144 0.38727206 0.38205838 0.11968846 -0.39461774 0.06268032 -0.72426796 -0.12934598 
0.22679505 0.31113586 0.06707695 -0.07494572 0.22741376 -0.20396544 -0.72592926 0.18354239 -0.5231184 -0.090478875 -0.35719448 -0.42349985 -0.3076616 -0.19427222 0.45073482 -0.13858637 0.055389587 0.25145185 -0.3179711 -0.28693715 0.18998677 0.063914835 -0.019106688 
-0.13431081 -0.20015015 -0.005576339 -0.0006101659 -0.11458467 -0.03062066 0.35735705 0.33359 0.3895062 -0.04141474 -0.11134626 0.1522892 0.17439117 -0.02539969 0.43363968 -0.35912588 0.19786574 -0.038405824 -0.22235873 -0.6364131 0.6078295 0.07205068 -0.6094013 
0.19261588 0.18285519 0.12705718 -0.18060802 0.3543449 0.18109755 0.13797204 0.035289034 -0.028583594 0.6800212 0.344064 -0.4185801 -0.11890711 -0.20727667 -0.004913555 -0.44304428 0.529123 -0.36826497 0.12074956 0.15161237 0.10043076 0.0542961 0.121596046 
0.10676905 0.39686048 0.053307045 0.22468704 0.25503746 0.55737334 -0.03534982 -0.14775701 -0.061871417 0.25079867 0.38578424 -0.44537473 -0.09378559 0.2842434 -0.007047895 -0.21297422 -0.47141966 0.2493921 0.047663324 -0.40042317 -0.12824881 0.49290904 0.31700155 
0.09029232 0.5963433 0.36121944 0.4946442 -0.38365227 -0.09928432 0.5722366 -0.29935455 0.33492038 0.12780051 -0.24388835 0.13582623 0.09404283 0.018417535 0.07127547 0.20299733 -0.058597274 0.11404327 -0.42993683 -0.09590091 0.35164315 -0.033846386 0.055347852 
-0.1269861 0.12467801 0.5369121 0.24532254 0.008017633 -0.1296805 -0.4024753 0.011860246 -0.1266828 0.12546095 -0.0080964295 0.33198705 -0.14258565 0.067172185 0.00768114 -0.29301244 -0.14827046 0.3151624 0.5730833 0.18353012 0.42721912 -0.16876566 0.25223115 
-0.34963468 -0.12217695 0.087450005 -0.25122797 0.13170049 -0.24127297 0.23811379 -0.013282274 -0.44412637 -0.34754276 -0.1546306 0.07519973 0.15543814 -0.16011965 0.2717253 0.3812045 -0.7259012 -0.016651398 0.36673683 0.4052411 -0.28529233 0.5835611 -0.76129127 
-0.007539863 -0.046759803 0.10691429 -0.039018787 -0.23201054 0.6637874 -0.24269056 0.051460516 -0.1607435 -0.10096195 0.023766113 0.44578883 -0.5457955 -0.08572319 -0.06666321 0.16884685 0.16806288 0.048069347 -0.55077523 -0.11338844 -0.45764267 0.37904394 -0.45798802 
-0.1991148 0.16751546 0.10771634 -0.17133497 0.19317436 -0.27267492 0.53491133 -0.117176846 -0.48148963 0.022235602 0.55648 0.032389726 0.2887209 -0.25953427 -0.30997765 -0.09916338 0.076552965 0.15942211 -0.13875324 -0.72996014 0.20082462 0.12394973 -0.036324754 
0.20993628 -0.5462598 0.29861134 0.062439203 -0.048022904 0.9260821 -0.31706437 0.059478074 -0.03832196 0.38825914 -0.3304403 0.5174578 0.26081765 -0.14321166 0.30941626 0.1690707 -0.30875763 -0.00045865876 -0.4387509 0.17160513 0.0018825872 0.65147984 0.102078706 
-0.23359083 -0.009755267 -0.09467555 0.042955086 -0.0011066166 -0.08216464 -0.006906246 -0.25380653 -0.11727663 -0.07650984 -0.06669326 0.25595897 -0.3425783 -0.10188399 0.17328762 0.03868981 0.1995801 0.33581826 -0.05246378 -0.3953239 -0.17533591 -0.1338766 -0.6666258 
0.1824911 0.4381829 0.06624288 0.47289655 0.21343055 -0.028418815 0.35237426 -0.23599148 0.24039088 -0.19727157 0.12362456 0.31555468 0.09699412 0.25343865 0.13373315 -0.099987276 0.3583257 -0.33209985 -0.019128518 0.20374186 0.14073248 0.24279723 -0.22276406 
-0.009610918 -0.10916779 0.25296155 0.32205802 0.095131345 -0.10526504 -0.24995317 0.090422824 -0.56141055 -0.00394917 0.48180032 -0.41376 0.045636546 0.22575128 -0.2543876 0.3159202 -0.7293703 0.08642388 0.23099999 -0.017795945 0.3953312 0.26818994 -0.26413557 
0.6039125 -0.51296175 -0.33902493 -0.2061425 -0.07278799 -0.12373811 0.13978508 0.30716106 0.39762625 0.36773872 0.39696473 0.1452852 -0.38820955 -0.08685105 -0.13982667 0.30691043 0.094941035 0.10411278 0.15840809 -0.01630501 -0.30890378 0.058384016 -0.009018902 
0.049288023 -0.056233875 0.10247584 0.034920767 0.24326588 0.10327659 0.0013399613 -0.17494452 -0.35395718 0.12557438 0.17966013 -0.09506596 -0.30572236 0.12870139 -0.31960344 0.024219817 0.025761744 0.44773653 0.21544507 0.35690638 0.6149247 0.15826924 0.25046396 
0.022645965 0.39046687 0.27169952 0.077745676 0.70582515 -0.095084935 0.092689514 -0.021259466 -0.0056877574 -0.1416274 0.11981129 -0.1483253 0.23936926 0.25281265 -0.12725052 0.2503619 -0.09968564 0.0065287123 -0.22855502 -0.11096457 -0.27296865 0.27806145 -0.036983516 
0.4449377 0.053266216 0.39646944 0.040776756 -0.04483558 0.07541071 0.36935735 0.3211878 0.09371472 -0.45254108 -0.25345787 0.3199247 0.08619833 -0.19951431 0.13025907 0.15186156 -0.036902115 0.015102617 -0.38567728 0.25080562 -0.2518753 0.35767874 -0.29765013 
-0.14076337 -0.015405432 -0.020788549 -0.47652823 0.028061118 0.19238208 -0.4886911 0.21238285 0.26867706 0.15887061 0.27479407 -0.17896377 0.013413623 0.26543894 -0.022675589 0.2584758 0.22821927 0.07057675 0.20503119 0.026022786 0.09555439 0.34706208 0.3197533 
-0.19596143 0.13131973 0.21926041 0.08332273 0.1526674 -0.5692945 0.22067483 0.21447127 -0.03532195 0.11632922 0.17731486 0.12312514 -0.20907219 0.15242814 -0.02058194 -0.11187159 -0.346126 -0.061505355 0.4836633 0.4597852 -0.9413158 -0.16664563 -0.83855265 
0.07680754 0.16076702 -0.3106588 0.12976074 -0.56495196 0.38891363 0.33246797 -0.06495967 -0.14540717 0.21856378 0.63668966 -0.23700716 -0.44085717 -0.17116839 0.2814665 -0.094373025 -0.08121745 0.058938522 0.057840325 0.40348896 0.30975944 0.08611612 -0.024613936 
-0.11440686 -0.20931396 0.30987164 -0.1378192 0.44706887 -0.30657193 0.26477906 -0.22401313 -0.2406298 0.4067003 -0.04072399 0.358097 0.00405145 0.018531427 -0.20017149 0.37559462 -0.078835994 -0.35932305 0.07425784 -0.051529374 0.2201966 0.17593117 -0.076048456 
-0.0761003 0.41367435 -0.10916309 -0.51224416 -0.25950193 -0.21079203 -0.2722779 0.07904437 -0.24958211 -0.08976812 -0.6387603 0.09923558 0.04546717 0.20437843 0.0990689 -0.07091867 -0.09055786 0.31514806 0.06185972 -0.26132238 0.2566938 0.15663758 -0.18802585 
-0.09498797 0.14081705 -0.29685965 -0.0880124 0.09320831 0.5752454 0.028550966 0.27875754 0.12920739 0.43802202 -0.042023372 -0.20235749 0.40454137 -0.056989394 -0.15739384 0.4998409 0.06612075 0.43906546 0.14176 -0.4512161 -0.2891102 0.1484575 0.5470334 
0.10059653 -0.2606087 -0.64256895 -0.23424515 0.087209255 0.36758757 0.16619384 0.3514561 -0.55550456 -0.141416 -0.51922524 -0.5629208 0.20335975 -0.138477 -0.25083598 -0.24229112 0.013208978 0.36975145 0.11978925 -0.36737782 0.22387324 -0.4346927 -0.5346716 
0.15587609 -0.0023209758 -0.021957457 0.06071434 0.3331911 0.3969372 0.4035639 -0.25956482 0.31111056 -0.146179 -0.52970535 0.11156902 -0.22992203 0.043633804 -0.1317284 -0.105490424 -0.33631006 0.03795306 -0.58540565 0.039912097 -0.44868606 0.12178267 -0.7342817 
0.6559528 0.024607016 0.30418107 0.08305517 -0.015567914 -0.08156526 -0.21228674 -0.3255583 0.10755587 -0.084088154 -0.121074006 -0.27370557 -0.30439305 -0.019838352 -0.5010611 0.62070554 0.00043295053 0.5352683 -0.1669839 -0.12714761 -0.19800974 -0.11744678 0.45205453 
0.055069987 0.3904224 -0.007581958 0.44563678 0.2376078 0.4372316 0.29556426 -0.45192254 -0.46121636 -0.052949138 -0.46995983 -0.026768709 0.9318293 -0.42849138 0.47009358 -0.1676695 -0.41728303 0.19728999 0.12047494 0.0270074 0.28835064 -0.15076213 -0.2588186 
0.29910076 -0.3855517 -1.1369325 0.61981654 -0.049027823 0.10266848 0.30135992 -0.008899251 -0.16360904 -0.017046833 -0.12296611 0.3358899 0.42341045 -0.09829928 -0.06959075 0.52068126 -0.066076435 0.2127559 0.41899493 0.083241075 0.060005296 0.049048737 -0.12852706 
0.60966897 -0.22728026 -0.48908857 -0.29271784 -0.10941119 -0.69873434 -0.1552056 0.09733566 -0.36709714 0.17975166 0.44200754 -0.04726485 0.44188556 -0.20212081 0.15641476 0.42815274 -0.025713397 0.34876633 0.22187103 -0.21150021 -0.31047517 -0.0013200402 -0.07135883 
0.15890852 -0.22022064 -0.25356573 0.13692269 -0.3603361 -0.24882844 -0.04642039 -0.17650309 0.3821518 0.8221568 -0.45406228 0.025822109 -0.05784071 0.34038812 -0.2814812 -0.29372978 -0.41499904 0.2700992 -0.003665737 0.35181507 -0.10711874 -0.014576899 0.08695479 
0.09230685 0.16295485 -0.07341811 0.037242573 0.2587919 -0.24003129 0.42518356 0.25975743 0.49428368 -0.18693276 -0.052041538 -0.25348824 -0.3003456 0.12868798 -0.33003083 0.12909918 -0.037759077 0.015465145 0.26379576 0.50248253 0.10788813 -0.15970984 -0.38216192 
0.2207328 0.083743125 0.27263132 -0.23562434 0.030803608 -0.26190725 0.65646374 -0.11548884 -0.12596896 0.70367724 0.33682308 0.13867961 -0.25715318 0.42986795 0.18882535 -0.061196294 0.6928685 0.034133244 -0.22223705 -0.08589132 0.4630472 0.016420774 -0.02498788 
0.28729838 -0.07280679 0.15088741 0.084108315 0.043096013 0.022002934 0.5726425 -0.057505272 -0.31246018 -0.29301974 -0.10685742 -0.23646826 -0.34323046 -0.28983742 -0.265099 0.015292509 0.1481207 -0.06502819 -0.48033172 0.2022225 0.2351131 -0.10372357 0.4092233 
-0.29375815 -0.33110884 0.42882752 0.26479208 0.077863865 -0.41305938 -0.35088298 -0.21363808 -0.6759916 -0.013321098 0.42501208 0.09358679 0.39438453 0.14857724 -0.25848192 -0.16392715 -0.0059981225 0.04678163 -0.37138718 -0.06790491 0.20249316 0.621649 0.11122313 
-0.13299115 -0.49127755 -0.008389947 0.27107674 0.00147436 -0.036069162 0.02272435 -0.4734723 -0.1429292 0.08581033 -0.40806788 0.3928289 -0.06128573 0.23268904 0.36374027 0.3829007 -0.1329149 -0.30637473 0.017958047 -0.14841132 0.26837316 0.320071 0.34526178 
0.092352174 -0.13562998 -0.20706855 0.34906724 -0.13491474 0.009028246 0.31612957 0.14852713 -0.28660485 0.6405915 0.1818995 0.02650866 0.118225634 -0.1684314 0.16400892 0.1279445 0.32341033 0.0091202445 0.09112159 0.04677121 0.3369817 0.099431135 0.3577309 
0.015632903 0.15136194 0.50858545 -0.6502815 -0.0009947922 -0.015835494 0.06544846 -0.22386889 -0.33748934 -0.124517225 -0.11846365 -0.552012 0.22592084 -0.47573152 -0.33266264 -0.14874902 0.46015874 -0.42688537 -0.58468556 0.18332666 -0.121289834 0.51219755 -0.05372055 
-0.4602241 0.09831748 0.20379919 0.120833404 -0.4392323 0.0024986977 0.3145216 0.5530647 -0.73576516 0.46941996 0.08322045 -0.07312882 0.1081151 0.34730595 0.24968247 -0.09021266 0.23842579 -0.098602384 0.2057908 0.5375463 0.46491313 0.3425129 0.1484892 
0.5002345 0.41723624 -0.29197553 0.08770156 0.1353554 -0.046060838 -0.11240682 0.3618242 -0.003577096 -0.37586752 0.09904384 -0.4302822 0.65722424 0.07912887 0.008991364 -0.033570193 0.33429864 -0.27927205 -0.360598 0.23299575 -0.3356939 -0.10560423 0.14206469 
-0.15330417 -0.01943351 0.23724963 -0.029853916 0.06031054 -0.099923946 -0.19110677 -0.047925387 0.08741715 -0.118343234 -0.1363769 -0.082352206 -0.16667517 -0.1003442 -0.07093817 0.06929057 0.18282402 0.14437743 0.0029662964 -0.046599403 -0.18780895 0.3521278 0.0903624 0.14770749 0.06852088 0.25888252 0.09924372 0.33145618 0.017498374 -0.07027516 -0.077081345 0.21212307 0.062127847 -0.11050971 -0.012452065 -0.070019126 0.093327254 -0.26182312 0.08421644 0.20998406 0.13960096 -0.16134071 0.0046180654 0.09486373 -0.040170163 0.15242009 -0.040119473 -0.03845903 -0.06976995 0.07737823 
-0.21342716 -0.053394068 -0.48728785 -0.37362853 0.070312396 0.28599983 0.3386916 -0.053930346 -0.061558362 -0.39468455 0.366149 -0.3277496 0.14169854 -0.0505103 -0.13081583 0.42457676 -0.14744341 0.45012432 0.09593575 0.46691138 0.04390695 0.032713454 0.14349794 -0.36152408 0.10100495 -0.22254269 -0.045592744 -0.034715157 0.032077968 0.012870256 0.021007583 0.40408105 -0.19696392 -0.13362473 0.007626218 -0.14312196 -0.17002429 0.15035765 -0.057559468 -0.24752055 0.19811623 0.24822637 0.47425976 -0.051985703 0.0040016444 -0.013645971 0.09752895 -0.101520695 -0.2606653 -0.18174464 
0.17097676 0.17312378 0.08299271 -0.017893339 -0.2717756 0.2244434 -0.28859168 0.057563815 -0.48252094 -0.09951907 -0.22576754 0.05577406 -0.16070853 0.24456099 0.027107844 0.11954466 0.20142296 0.1230239 -0.18028936 0.2423277 0.0045677735 0.0147340745 -0.09185607 0.14339462 -0.28510436 -0.056406528 0.08933853 -0.09282849 0.34137788 0.12184797 -0.43122634 -0.047923252 -0.12856889 -0.2267342 -0.22423342 0.19910502 0.017578416 -0.3698142 -0.37085423 -0.24853604 0.022508334 -0.12942879 -0.01200161 -0.2744768 -0.35522026 0.047346603 0.31458664 -0.18345298 0.2229408 0.21523048 
-0.045956656 0.11123792 0.16192552 0.1178098 0.08877914 0.0962856 -0.20782755 0.3828493 -0.06752598 -0.2552479 0.10364193 -0.025391934 0.2304712 -0.07080563 -0.14186276 -0.019116543 0.44094867 -0.23069026 -0.19618706 -0.24816315 -0.20679137 0.06441587 -0.27682835 0.01969989 0.08720898 -0.29791814 0.2574128 0.36070746 -0.46655107 0.22249955 -0.41924635 -0.37705478 0.240295 -0.14000565 -0.22064188 0.19641562 0.047673088 -0.14186043 -0.13858572 0.085811034 -0.3220973 0.020122753 0.09996057 0.15551221 0.16603613 0.15518805 -0.30825818 0.3675549 -0.03040999 -0.004409225 
0.50435466 -0.12029438 -0.18389288 -0.03722789 0.22857897 0.31221947 -0.09249702 -0.1324902 -0.214851 -0.11935481 0.12513739 -0.04529306 -0.26495662 -0.095100135 -0.31974578 -0.14977989 -0.2455127 0.0026014661 0.32448345 -0.0077842628 -0.13215429 -0.30884987 0.0150742335 0.027281297 0.017238569 -0.13149774 0.1054438 -0.19620275 -0.242953 0.33691946 -0.032134097 -0.16918689 0.11867599 -0.30487835 -0.07595927 -0.1216848 -0.3627377 0.046233777 0.13163131 0.34958148 0.025642656 0.158029 0.33568838 -0.08033036 0.40658835 -0.0965013 0.28797317 0.30778074 0.23046952 0.023490738 
0.10926904 0.0801655 -0.46711075 -0.0439651 -0.08428431 0.307995 0.5065923 -0.27382877 0.063282296 -0.054495078 -0.04552152 0.14715955 -0.0007770142 -0.031051213 0.22674651 -0.16628136 0.24866036 -0.1138717 -0.46984005 -0.18299988 0.07982238 0.18720488 -0.095016815 0.16401625 0.13629259 0.19766736 0.2699178 -0.22493628 0.38034433 0.08445088 -0.15264867 -0.3148157 -0.35510087 -0.09502982 -0.11926789 -0.1490329 -0.40630844 -0.39329764 0.15058468 -0.09055877 0.06968484 -0.018682495 -0.4110368 -0.026920121 -0.13295595 -0.0529491 0.0106243035 -0.07331941 -0.09206116 0.015102324 
-0.12148766 -0.033793904 -0.10553479 -0.014648191 0.004453304 0.28761196 0.3046583 -0.08236582 -0.05187873 -0.03695787 0.30958286 0.21448487 -0.059143916 0.24834457 -0.110909104 -0.15644233 0.20085831 0.06616636 -0.2778954 -0.23016046 0.122965544 -0.45370135 0.03951193 -0.2035614 -0.4401826 -0.165701 -0.1006869 -0.1689663 -0.15585144 -0.015156575 0.095758826 0.21971603 0.08057806 0.17600267 -0.02356466 0.2379166 -0.24889275 -0.44980347 -0.10409215 0.07116248 -0.10322107 0.3212801 0.018332066 -0.087693565 0.2152254 0.19974811 -0.10735029 0.42954788 0.30967167 -0.037731204 
0.2978731 -0.22852105 -0.10923244 0.0023438786 -0.16586387 0.35064867 0.11014286 -0.059632447 0.07611942 0.029681282 0.21901534 -0.050450608 -0.08662942 0.1277777 -0.054568693 0.35536456 -0.22901241 0.06486839 0.036044758 -0.11039428 0.32298854 0.002944925 0.07812488 0.12649213 -0.10740483 0.3059272 0.14242008 -0.09682545 -0.0012632536 0.22975317 -0.02693438 -0.10467127 -0.05749693 0.0077471347 0.18538526 -0.38550398 0.3122936 0.19868216 0.045887753 0.17179105 0.047769412 0.021998093 -0.109784044 -0.20717774 -0.25088605 0.25510138 -0.20986792 -0.056380242 0.042634543 0.1332356 
0.15729149 -0.052321278 -0.5796177 -0.25715527 0.37570634 0.46816197 -0.20939122 -0.020766351 -0.06542549 -0.21659188 -0.0503989 -0.22654575 -0.32139713 -0.17321217 0.34172544 0.06003853 -0.044917036 -0.108242854 0.14068116 -0.15960272 0.19295837 0.00038960337 0.28910863 -0.1104614 -0.24057786 -0.07904623 -0.3371547 0.0038003875 0.2554882 0.16469659 -0.3731584 0.40211484 0.041927356 -0.16405886 -0.11727204 0.07676118 -0.020786215 -0.13190706 0.22941196 -0.34167075 0.03987114 0.40781206 -0.3532224 0.1504889 -0.13295482 -0.017294055 -0.02301261 0.04490245 -0.061100256 -0.10433121 
0.038010664 0.09652162 -0.2867633 -0.1549365 0.025089936 0.041789144 -0.16093397 -0.11925253 0.018174142 0.111605085 0.34660292 0.03048092 -0.20624138 -0.093079574 0.0023940825 0.13059798 -0.20051278 0.018683404 0.0005770662 -0.5034158 -0.037206367 0.008127697 0.04129275 0.2594376 -0.031233288 0.04366035 -0.45935082 -0.09365434 0.01891061 0.0017685643 -0.005202679 -0.02952447 0.20732868 0.069344126 -0.19247933 -0.13596536 -0.08395067 0.46483588 0.0039762235 0.22056608 -0.079747364 0.17169492 0.34590602 0.3908469 0.24941744 -0.21344924 -0.06331948 0.047472656 -0.08267486 0.20623994 
-0.18634513 -0.13224553 0.09651008 0.2604592 -0.26556048 -0.2166465 0.025344692 0.08795961 0.071780905 -0.026331695 -0.10301436 -0.2374896 -0.29393294 0.00021463301 0.2435588 -0.16635124 0.016662875 0.07170897 -0.09225425 -0.11065799 -0.14585257 0.5608722 0.05970903 -0.3438751 -0.025546854 -0.28757483 -0.02093423 0.23587385 -0.15925406 -0.00512371 -0.16770735 -0.030624846 0.17624967 -0.39063105 -0.14523281 -0.20894927 -0.10216458 0.14443421 0.26587605 0.025606459 -0.1295286 0.31642097 0.15924002 -0.16801608 0.28581065 -0.08224978 0.38509408 0.015232819 -0.12260027 0.25091022 
-0.34903497 -0.29941097 -0.19048616 -0.18116947 -0.020014977 0.18574184 -0.046086457 -0.08983961 -0.24552883 0.17069627 0.16043577 0.09184673 0.11582781 -0.13327655 -0.25954407 0.34513286 -0.2373899 -0.018850986 -0.08571885 0.07088328 -0.06614598 0.19595124 -0.020691486 -0.15424716 0.37728548 -0.32627505 -0.05826243 -0.6455492 -0.36983794 0.29889694 0.42026252 0.052505758 -0.32884043 0.002769145 -0.02729584 -0.19701792 0.13730374 0.54887176 0.17012036 0.13684037 -0.14263949 -0.18192832 -0.20696254 -0.29915836 0.52802634 -0.039226867 0.07875654 0.24461289 -0.08657602 0.51305354 
-0.24715307 -0.104822665 -0.09829028 -0.15677221 -0.04302015 -0.122734435 0.13217022 -0.08437851 -0.029847551 -0.1775047 -0.28829798 -0.26049435 0.07480213 -0.43672252 0.107111104 0.31576642 -0.089582026 -0.078644596 0.07015081 -0.028909137 -0.15551649 0.58387583 -0.01686594 0.23822205 -0.54904854 0.1169156 -0.15122086 0.10709243 -0.17209297 0.0016902587 0.09048428 0.08330908 -0.45764366 0.13335805 0.0442276 -0.15435208 -0.043936938 -0.23747958 -0.22560823 0.19401975 0.0071027325 -0.23268704 0.09921011 -0.27869684 -0.18771085 -0.10901352 0.22752029 -0.23970245 -0.062473383 0.45814285 
-0.04516193 0.054358117 0.3315325 0.12731484 -0.053250786 0.29054704 -0.11793462 0.07901226 0.23968795 0.18096006 -0.09056453 0.047185365 -0.19857642 -0.4703851 0.25048733 -0.09382206 0.16233742 -0.18333004 0.15696886 -0.22504066 0.09869484 -0.07359262 0.22553983 0.19953333 0.15936139 -0.03411591 -0.20066938 0.38574955 -0.4079245 0.41974092 0.02556328 0.22542918 0.12441594 -0.09367324 -0.18579537 -0.22407417 0.15735233 -0.056363944 -0.15316482 -0.10525822 0.15215537 -0.06511109 -0.036198843 -0.07430779 -0.1680609 -0.08549626 -0.034964524 -0.23314993 -0.03359298 0.06809909 
-0.06943857 -0.057547826 0.096986584 -0.02241548 0.16448665 -0.2945632 0.17188117 -0.07528706 0.26666793 0.0018522328 -0.18207741 -0.01008924 -0.06351505 -0.12332109 0.15708724 0.07901199 0.22416021 -0.16732672 0.04888895 -0.27684066 -0.25700864 -0.10536408 0.105217054 -0.059491843 0.18176287 0.074803464 -0.0732183 0.36807582 0.15598945 -0.44693702 -0.10204409 0.14175181 0.13660236 -0.082711905 -0.06410712 -0.10878866 0.045314245 -0.27368554 0.07108279 -0.18844093 -0.05619363 -0.12964486 0.14411765 0.5500713 0.23929276 0.22070096 -0.005010736 -0.06325827 0.051198985 -0.04976988 
-0.15305251 -0.23916785 -0.24571547 -0.14458658 -0.17869282 -0.3546698 0.039594624 -0.16289145 0.11151231 0.071494535 -0.18226555 -0.04893058 -0.0321126 0.03091743 0.11249054 -0.09512954 0.3622174 -0.014569532 0.2496485 -0.05442122 -0.23847465 0.09331906 0.037593957 -0.06280715 0.12819953 -0.245293 -0.1464019 -0.17645797 0.082819045 0.023975022 -0.41688102 -0.123034954 -0.04568123 -0.19348921 0.13290022 0.21000855 0.21825355 -0.1921077 0.1874644 0.092303224 0.074700356 -0.19309947 -0.21654414 0.016856136 -0.119690575 0.12687394 0.004640143 -0.12747672 0.25530052 0.2511385 
-0.30036482 -0.11147076 0.37528446 0.020472873 0.28710273 0.24133877 -0.3611837 0.15201533 -0.16601092 -0.017362047 -0.17475218 0.08905497 0.06535552 0.11756257 -0.1408253 0.0841144 0.1536392 0.32438466 -0.15253808 -0.023723416 0.1744302 -0.04140239 -0.05689105 -0.03826333 -0.030320326 0.30551592 0.25763094 0.108770885 -0.30081868 0.017300524 -0.05758551 0.2737766 -0.015570512 -0.18294972 0.49987745 0.077496186 -0.003954249 -0.08419585 0.23624358 0.21147388 0.19170564 -0.2990636 -0.09858926 0.045359623 0.04768134 0.09216132 -0.18075089 0.22694765 -0.23497982 -0.12837455 
-0.39720997 -0.49783605 -0.50975096 -0.2615934 -0.005910392 0.07001173 0.29035255 -0.50587976 -0.014138472 0.45246005 0.32133067 0.4903623 -0.20104477 0.029110242 -0.0928735 0.017687794 -0.1460091 -0.01728573 0.215449 -0.0126906345 -0.23487435 0.093100324 0.10286906 -0.0033177554 0.08251405 -0.15043709 0.11222499 -0.09229024 -0.029608699 0.14250235 0.03842366 0.23338109 -0.2807285 0.27857307 0.11065222 -0.16216113 -0.086160794 -0.13166082 0.05199483 0.043908812 -0.28821507 -0.32809964 0.22081849 0.29133075 0.0867361 0.060264077 0.006769316 0.06801077 -0.21928829 0.24917653 
0.069477424 0.087565675 0.3419781 -0.3190904 0.3369235 -0.18268743 -0.007534585 -0.45620808 -0.31005955 -0.11050319 -0.2651148 0.30155072 -0.21039282 -0.09725617 -0.05733923 0.44342846 -0.45493817 -0.25835472 -0.19610445 0.11155863 -0.4327161 0.19570565 0.7011985 -0.5394948 -0.23697567 0.28490156 0.42398432 0.11499918 -0.092844725 -0.10298388 0.09870651 -0.10088793 0.033782788 -0.0021415036 0.074024186 0.1002612 -0.33665216 -0.05568306 0.40340304 -0.24312678 -0.42197645 0.3554401 -0.19037524 -0.02934405 -0.45631522 -0.19896904 -0.2106199 -0.16870713 0.06828911 -0.02838022 
-0.30746746 -0.10128996 -0.15160844 -0.196465 0.12196546 -0.23548648 -0.0629526 0.35781497 -0.026060274 0.12972996 0.4860624 0.037886508 0.23029965 0.19163291 -0.17295805 -0.44383925 -0.083908096 -0.04981594 -0.048093937 0.13862234 0.043851197 -0.2886066 -0.025475362 -0.043648683 -0.37640703 -0.2992002 0.12905811 0.007971771 -0.009547763 -0.0014596428 0.09670899 0.0019500268 -0.21808043 0.07022278 0.32716373 0.2656137 -0.10575702 -0.0208858 0.19260484 -0.11060665 0.19566299 -0.14200313 0.050568692 -0.20275985 -0.039995894 -0.08519118 0.04281648 0.13250902 -0.03169535 0.25293282 
0.38768315 -0.39127603 -0.054029755 0.03151323 0.1533937 -0.05830122 0.13416302 0.1487001 -0.24955441 0.13105386 -0.3737358 0.15624562 -0.1335101 0.124731064 -0.34323242 0.3653569 -0.017260956 -0.17903545 -0.056978863 0.060882702 -0.42402354 0.05155544 -0.032024816 0.15185775 0.2251545 0.35876083 0.15395306 0.010530146 0.18857923 0.020332333 0.1325888 0.04951429 -0.09122022 0.06339566 -0.038976446 0.04975068 0.10602947 0.05055831 0.11357845 0.034308337 0.08288963 -0.21909972 -0.017578255 0.0773833 -0.4689989 0.3246013 0.006635876 0.22188802 -0.25398675 0.3201463 
-0.006981853 -0.14837645 0.15393427 0.09179717 -0.14203851 -0.13294 -0.17943083 -0.1196997 -0.16515766 0.13236088 0.03887765 -0.13324757 -0.15980344 0.19911689 0.27323955 -0.35989487 -0.26710516 -0.16582659 0.22799048 0.19822432 -0.21144721 -0.17095119 0.17471738 0.018096443 -0.0034411713 -0.104225546 0.027264338 -0.39624846 -0.09612831 0.084974796 0.23735747 0.021045981 -0.5292915 -0.035386384 -0.27190822 0.13392214 0.06938958 0.022839487 0.021052776 -0.21292077 0.44396117 -0.35990074 0.31194508 -0.13296795 -0.065824054 0.051481903 -0.03920964 0.071227945 -0.1844009 -0.032388713 
0.36279976 0.4266508 0.04088445 -0.0339716 -0.07132536 0.45023775 -0.5538653 0.088199794 0.16472824 -0.113251 -0.18980938 0.030354993 0.4442429 -0.30927625 -0.022404034 0.42877376 -0.0367587 -0.13161871 0.14590533 0.05276695 -0.22899283 -0.08480879 -0.123453975 0.13642955 -0.06748229 0.02680677 -0.24030437 -0.045453608 -0.054131635 -0.55628246 -0.14619751 0.0023722483 -0.0910931 0.19530077 -0.28180084 0.05889741 -0.28781363 0.13534223 0.10695054 0.39419428 -0.021596925 0.20108446 -0.46890962 -0.31547612 0.20313238 0.102410704 -0.11131505 -0.02407573 0.047696903 -0.047061905 
-0.22978547 0.040903524 0.0690618 0.22362408 -0.35482958 -0.1177448 0.2259049 -0.035814546 0.33029062 -0.4090374 0.09218299 -0.25861982 0.07681036 0.14957032 -0.033124857 0.12936023 0.12765859 -0.031083599 0.3697392 0.35957113 0.022540005 0.048083786 0.3994567 0.046126027 0.011827215 -0.21315421 -0.061721724 0.19853501 0.13509937 -0.12659945 0.04670835 -0.083571404 -0.096151486 -0.025212284 0.17323373 -0.0574974 -0.06547676 -0.05636243 0.22200626 -0.13585746 -0.35500118 0.2027934 -0.2712841 -0.12574676 -0.018105756 -0.46666607 -0.19991885 -0.23715858 0.18801008 0.10043346 
0.019688781 -0.23017526 0.0063716145 -0.05304352 -0.092654675 -0.2722392 0.2523679 -0.19706959 0.037480704 0.003904408 -0.112274885 -0.38529179 0.21689388 -0.10672131 0.34737974 0.10836025 0.08650444 -0.36842492 0.44974625 -0.03841245 0.060477868 0.08526755 0.13392667 -0.009164336 -0.0725071 0.07943839 0.33235058 0.035453785 0.053714536 0.15942337 -0.003208266 -0.49450567 -0.10019777 -0.16736495 -0.01025906 -0.04207776 0.10068926 -0.010699196 -0.05866043 0.22851032 0.06401912 -0.08207193 0.26703227 0.22028542 0.1208954 0.24783458 0.08078841 0.13172477 -0.0983551 -0.10712149 
-0.066707045 0.045743987 0.18107262 -0.32598522 -0.38262835 0.08831014 0.28501135 -0.10202251 -0.120899834 -0.0025679795 -0.10966129 0.03249112 -0.6088196 -0.17058082 0.20087229 0.124124244 -0.2534652 -0.10469229 0.17191158 0.081340596 -0.31665772 -0.104893856 -0.19111791 0.22247802 0.1776479 0.29388 0.045776773 -0.087706685 -0.099117 0.021977397 -0.13317986 0.2763962 -0.12037442 -0.57827526 0.063102104 0.07696009 -0.12303002 -0.094083756 0.024116505 0.07011843 -0.08042835 -0.10725728 0.20931579 0.11164369 -0.26864725 0.08421388 -0.24268185 -0.025518253 0.030924944 0.19218607 
-0.19336668 -0.15261705 -0.48357517 -0.08545291 -0.0128941415 -0.32480136 -0.06386398 -0.26043344 -0.16794711 -0.1769349 -0.051119078 0.2801971 -0.03741594 0.07370894 -0.18711059 -0.07564663 0.15560329 0.3138326 -0.47370604 0.13207974 -0.35127848 -0.061296817 0.35923976 0.31158018 0.19084528 0.2967967 -0.20101978 0.035360854 -0.15907782 -0.114817254 -0.25957915 0.19228365 -0.050384652 0.29024494 0.03717846 0.18768851 0.05909875 -0.12730964 0.029390328 -0.18146452 0.12118527 -0.058571186 0.26903266 -0.01182731 -0.21121924 -0.1154101 -0.15200414 0.008587773 0.17022401 0.026037598 
-0.07575258 -0.306094 -0.116975226 0.06668794 -0.12149771 0.05894954 0.004931692 0.06819711 -0.37506947 0.5203318 0.18437539 0.22613335 0.27045137 0.22457376 0.025426092 -0.119555525 -0.42207432 -0.4492047 -0.062724456 0.019141652 -0.2954023 0.0065313447 -0.17485903 -0.22019711 -0.35193488 -0.03248409 -0.43881783 -0.16917022 0.024127299 -0.13044013 -0.0172997 -0.16307926 -0.13994174 0.051149 -0.0059378026 -0.14353013 0.04096259 -0.07786512 0.08658777 0.15599115 0.17485312 0.21769889 0.25964987 0.16665782 0.14154537 0.0034081126 -0.08657047 0.28440768 -0.4212276 -0.19611037 
0.35106793 -0.3910372 0.005300288 -0.017419765 0.113605864 0.17923234 -0.21745938 -0.15724047 0.33308804 0.19214168 0.034016382 0.34906226 0.0018028333 -0.052539643 -0.37292793 -0.102942914 0.42508978 -0.041860767 0.028160382 -0.5538811 -0.31175327 -0.1734339 0.21819912 0.09811605 -0.2600275 0.21175191 -0.029079007 -0.10045079 -0.12931283 -0.22204822 0.26866516 -0.32629377 -0.12314929 -0.116384104 -0.15843801 0.21441877 -0.15652323 0.018515844 -0.055003848 0.12033829 0.27104333 0.021180958 -0.04682257 0.01645526 0.42715955 -0.09004222 -0.1083235 -0.037958056 0.22267824 0.062480204 
0.28120112 -0.27121136 0.09824309 -0.070259154 0.06498158 0.1645259 -0.15895882 -0.1559101 -0.268903 0.2559384 0.2926051 0.049261495 -0.08073261 0.44114414 0.0504536 0.26137966 -0.03217382 -0.044751596 -0.098243035 0.12521058 -0.013629787 0.35058048 -0.1184325 -0.017853038 0.1196884 -0.07945319 0.07240445 0.20552038 -0.17357945 -0.08247581 0.22338389 0.26704752 0.07039447 -0.32187164 -0.16608155 0.13197358 -0.43937802 -0.001780287 -0.01715199 0.056651726 0.032350637 -0.12450003 0.35488623 -0.13964993 0.2971538 0.26367223 0.11680197 0.1798996 -0.44620746 0.0806128 
0.29696888 0.047067653 -0.0148463715 -0.10262953 0.43464217 -0.16916902 0.1529601 0.18813895 -0.18418036 0.05585477 -0.079801545 -0.099763565 0.032983154 0.4672242 -0.32424414 0.17353334 0.06359989 -0.24734247 0.22808236 0.008976096 -0.15825155 -0.201708 -0.34430006 -0.027151866 -0.00818389 0.36692023 -0.22400393 -0.19074976 0.3540253 0.2017068 -0.4641063 -0.14697297 0.027417688 -0.15661132 -0.007918402 0.47042343 0.13431656 -0.098419726 0.024142075 0.051890064 -0.03309812 0.08400339 -0.075193375 0.24885617 -0.052289434 0.09662596 -0.0341484 0.37048423 0.17768341 -0.19849691 
0.19623466 -0.53282374 0.18881354 -0.16038238 -0.33971092 -0.21374464 -0.27248132 -0.17975192 -0.31686485 -0.069564484 0.32147995 0.06741983 -0.6304287 0.2057322 0.018912049 0.06567539 -0.12582979 -0.2892018 -0.50204766 -0.13650532 -0.009487608 -0.0999707 0.40982258 0.34174252 -0.15199156 0.0055964054 0.13065349 0.16948132 0.12326997 -0.4187758 0.046605635 0.20076679 0.29351842 -0.17070906 0.043228474 0.034888323 0.12440045 0.21228462 0.17425278 0.0035051934 0.209614 0.02644471 -0.12117705 -0.3012267 0.013155335 0.08445053 -0.14067994 0.03543701 -0.14986436 0.049623035 
0.16822775 0.13601892 0.1455983 0.015564826 0.06199409 0.022233542 -0.3269427 -0.26666102 -0.20191161 -0.39037603 0.10607936 0.3612454 0.107675865 -0.43722275 -0.2381233 -0.44342873 -0.4034267 -0.036274698 0.24558146 -0.12519674 0.23818159 -0.044407416 0.08484376 -0.008328787 0.46003056 -0.07583914 -0.029991552 0.100334436 0.22180831 0.0058432044 -0.099329755 0.29811284 -0.06477768 0.15594822 -0.020075696 -0.004018223 -0.1616483 0.105732776 -0.10233237 0.113323055 -0.19778873 0.2881543 -0.19898082 -0.17388797 0.0189433 -0.5173608 -0.09099021 -0.13546067 -0.094971605 -0.33471078 
0.25092238 0.16444437 0.05492781 0.1323034 -0.06426423 -0.22823419 0.15159146 -0.37636155 0.2550353 0.15475652 -0.114623725 -0.26136053 0.014056978 -0.21620733 -0.21816394 -0.16166605 0.17170359 0.058302756 -0.13449366 0.17860584 -0.42421564 0.08632493 0.0856397 -0.18517159 0.0042284243 -0.36789036 0.4506042 0.050776012 0.14319356 0.32597357 0.14270625 0.2547504 0.07149174 0.23335586 0.110136166 -0.17456956 0.3019212 0.05748879 -0.4289357 -0.33642423 -0.08450378 0.10070831 -0.20952955 -0.12885927 0.04175239 -0.0021135323 0.08277848 -0.20334893 0.08186024 0.3402322 
0.32302135 0.07739414 -0.67685103 -0.0028410277 -0.24270363 0.0949969 0.39716256 -0.09613799 -0.41138902 -0.08263599 0.25330764 0.2360223 -0.207723 0.11199391 -0.20529069 -0.37276447 -0.41473845 0.04979789 -0.013268026 -0.027490962 -0.10552748 -0.20768584 0.009771296 0.047213238 0.3335679 -0.005546932 -0.087034345 -0.18885966 0.2157398 -0.043505263 0.12109434 0.20959899 0.007652096 0.10316724 -0.2546615 -0.2551946 -0.039737016 -0.014042362 -0.4219637 -0.046296723 -0.101195805 -0.3319179 -0.25781363 -0.21077149 0.23239692 0.17206901 -0.52658623 -0.17814997 0.12763213 0.042826843 
-0.353728 0.21107572 -0.26115128 -0.2500197 -0.5503512 -0.25944746 0.24983399 -0.008109283 -0.19153747 0.024922902 0.06605506 -0.020549258 0.14889562 -0.04043523 0.1125277 -0.10570253 -0.3346734 0.10502985 -0.008232929 0.120416455 -0.48312598 0.283356 0.008751323 -0.07886866 0.3609269 -0.03598946 -0.4761407 0.16448936 0.20605086 -0.22093995 -0.07749067 0.20519897 0.17472647 -0.13805214 -0.11004271 -0.20437491 0.1966077 0.20370781 -0.22702207 0.024704613 0.12694582 0.06802747 0.30694404 -0.058468908 0.27758032 -0.25373334 -0.17660403 0.43641236 -0.08283574 -0.15340814 
0.16318434 -0.028305883 0.12558055 0.07099791 0.48395386 0.062197607 -0.20326424 0.21204303 0.11616862 -0.26170492 -0.046175197 -0.3518611 -0.13196509 -0.029635662 0.40830988 -0.037029043 -0.13055871 0.14515324 0.4255227 0.12761512 -0.22229859 -0.39576685 0.07678526 -0.2322698 0.22866866 0.094862685 0.0059433454 -0.16095258 -0.018474372 0.105551645 -0.20113036 0.48347485 -0.17415038 0.2215543 0.18279971 -0.25140792 -0.46787104 0.018859213 -0.18087186 0.08014212 0.05369804 0.23541373 -0.058448266 0.11435343 -0.05244587 -0.19994736 -0.030927407 0.13714013 -0.028288895 -0.0072367718 
0.1887419 -0.13949852 0.29011425 0.11454065 0.25022173 0.04002907 -0.26988754 0.12265498 -0.111253224 0.15273215 -0.18893604 0.48041728 -0.14392386 -0.20908503 -0.03882927 -0.13389353 0.014593833 -0.13550761 0.26255396 0.11123293 -0.36296135 0.16643244 -0.0628776 -0.16922064 -0.19448686 -0.23228775 0.03533241 0.021956703 0.42791525 0.17073226 -0.08074962 0.53787357 -0.1804928 0.2578304 0.18770702 0.11286212 -0.27683166 0.4883471 0.21216518 0.050496034 0.059560254 0.5084042 0.2731903 -0.2682861 -0.18275703 0.1134741 -0.24617903 0.069734104 0.15386342 0.34476766 
0.16115873 0.25800756 -0.15950346 0.19360638 -0.18155727 -0.2927124 0.31010228 0.16862224 0.2053618 0.054579917 0.31114876 -0.027003244 0.07895097 -0.3106751 0.19889554 0.09946607 0.35642403 0.009693434 -0.27852467 0.010286156 0.22887354 0.03099764 -0.0869785 0.119479105 -0.42217103 0.04519694 0.05939969 0.059341207 -0.34953493 0.031770006 -0.13156998 -0.080889486 0.2585552 0.012765458 -0.10953971 -0.25320095 0.16780694 0.06566244 0.15968023 0.02489573 -0.11806409 -0.27727655 0.29151195 0.17820802 -0.1740822 0.44421965 -0.24909572 0.0027156677 -0.012978348 0.23014273 
0.0066454373 -0.08920266 0.06329213 0.04953077 -0.56964934 -0.06857258 -0.1809746 -0.26488313 0.16188434 0.40439427 -0.14572428 0.09647812 -0.10192535 -0.13856588 -0.00921465 0.19353975 -0.045710254 -0.3080535 0.4102839 -0.40996835 0.27674547 0.1087967 -0.43180194 -0.39106765 -0.12689236 -0.14387949 -0.000101485304 0.35459456 0.20620573 0.049264736 -0.13021204 -0.0019790023 -0.123926744 0.055967223 0.1056106 0.11438228 -0.07508886 -0.10324997 0.048076812 -0.21762547 0.4314244 0.20413348 -0.12013084 -0.38847047 -0.13781424 0.041615736 -0.02238707 -0.027936816 -0.44360554 0.22173919 
0.091107585 -0.18474264 -0.284628 0.15075493 -0.34726426 -0.26449275 -0.059479356 0.0064561116 -0.07844745 0.014307959 0.27863362 0.014743338 -0.28519338 0.14560336 0.16981474 -0.37310717 -0.07186089 0.00830756 0.15757924 0.40346274 -0.17752258 0.19087155 0.02114699 0.044459444 -0.21797813 -0.4540583 -0.049690202 -0.14176072 0.2144696 0.22110218 -0.038749497 -0.16013473 0.32439792 0.1333984 -0.16977519 -0.066378646 -0.01842583 -0.04432503 0.326603 0.041906524 0.3087454 -0.31877074 0.14066336 -0.023875285 0.117342316 0.033310298 0.09458208 -0.25180364 -0.1759882 -0.34605157 
0.27578288 -0.05809788 0.029124042 -0.20292112 0.13362673 -0.13116688 0.113087915 -0.05534915 0.5047719 0.26811388 0.43160385 0.46687818 0.0966714 0.21823148 -0.26576456 0.2047711 0.24025534 0.0050299796 0.11381975 0.029117966 0.34492847 0.04574198 0.20332722 -0.04166286 0.21900488 0.021969767 -0.117745794 0.23618929 -0.3203799 0.070116684 -0.18774852 0.22727655 -0.26703262 0.1112835 0.057344824 0.084284775 -0.12909938 0.23762703 -0.3081353 -0.14682665 -0.06696432 0.26665562 0.118223906 -0.12140978 0.10171653 0.092125714 -0.023275033 0.083459504 0.282631 -0.10219508 
-0.2747743 -0.17273718 0.07248628 -0.09699073 0.06280267 -0.33800814 0.0015797848 -0.06993419 -0.12075933 0.03304987 -0.009300722 -0.31453195 -0.2057035 -0.021672765 0.004259462 -0.47252747 0.09350299 0.11911078 0.2583999 -0.024094032 -0.23820125 0.18384981 0.11827582 0.072220854 0.1857173 0.39714754 0.06426383 0.32099578 0.13572851 -0.13151878 -0.09397096 0.061517905 0.2794909 0.14835471 -0.0079776775 0.17677149 0.27161032 -0.3324172 0.2182137 -0.0339969 -0.30600202 -0.26679766 -0.11327261 -0.16983595 0.09491143 -0.21692212 -0.4528018 0.14417392 -0.113625176 -0.007442917 
0.07047275 0.4430153 -0.15004899 0.01091209 -0.1623594 -0.06830061 -0.0300406 0.0009338611 0.20115717 0.4174282 0.15842119 -0.15268622 -0.14154907 0.40041044 0.022678925 -0.055434596 0.02706698 -0.3431572 0.4435791 0.003194963 -0.28669238 -0.10363988 0.0059689083 -0.10631371 -0.34448963 0.37048933 0.25259382 -0.11402749 -0.018166494 -0.32249457 0.22721058 0.26050508 0.10622175 -0.0005406785 -0.22269422 0.26925373 0.1516972 -0.014970273 -0.2589941 -0.08696534 0.19880994 0.043667294 -0.49186665 -0.33195695 0.26656622 0.12170658 0.013109715 -0.4754623 0.021139476 -0.31321132 
0.025051257 -0.14171582 0.0138968555 -0.29485124 0.19274822 -0.20094803 0.08172089 -0.06900638 0.14862601 0.22116639 -0.15736975 -0.15856302 -0.14238185 -0.17019449 0.39509755 0.16799434 0.065498926 -0.15003408 0.034268707 0.29538995 0.16663519 -0.13399586 0.16486198 0.2463151 -0.13413794 0.11500081 0.10375521 0.067386 -0.22466686 -0.1905905 -0.06535113 -0.11091771 0.094390154 -0.30731928 0.11392214 -0.37739295 0.0135544 0.34859356 0.28625003 -0.124395356 0.034976393 -0.3008062 -0.16191944 0.0016872 0.04955307 0.15385726 -0.06674619 0.13085939 0.032775547 -0.027924316 
0.3754984 0.11529481 0.25527176 0.06645966 -0.2799987 0.2358488 -0.255684 -0.3311344 -0.24473287 0.10863581 -0.049651865 -0.28739923 0.0708753 0.10460323 -0.044893134 -0.4023744 0.09356123 -0.09839344 -0.28737226 0.1067239 -0.07423929 0.14418815 0.29778785 -0.03547378 -0.16112581 -0.11380426 0.14766191 -0.07458574 0.3443589 -0.17569754 0.281963 -0.10859589 0.12713979 0.10828214 0.36523667 -0.08864775 -0.087116376 -0.29763284 -0.20990945 -0.26202106 0.19114444 0.22906153 0.096771374 -0.01817347 -0.40478563 -0.086825535 -0.03677596 0.21358158 -0.105073616 0.119650975 
-0.046833437 0.20664872 0.117682405 -0.5216002 -0.3668358 -0.36564073 -0.18022363 0.3542377 0.12586887 -0.07078172 -0.10889804 -0.0651318 -0.26027694 0.041803937 -0.11780945 0.06866643 -0.23017226 -0.06591444 0.10076273 -0.31530324 -0.41516224 -0.06986544 0.219249 -0.3664803 0.24432124 0.0907043 0.028833494 0.049136307 0.25466156 0.023231285 -0.18694781 0.19050622 -0.00015540645 0.27663562 -0.06371626 0.23005334 -0.29274243 -0.12644866 0.019145597 0.3281581 -0.28910863 -0.27109644 0.13600628 0.15748511 -0.31929862 0.27113757 -0.25592303 0.14764363 0.053260833 -0.04032669 
0.16110778 -0.26943538 -0.042717844 0.024497295 -0.015975688 -0.15005206 0.14176473 0.15849817 0.33678266 8.30135e-05 -0.026762687 0.12788609 0.15108882 -0.15188105 -0.28197062 0.10910326 0.35083678 -0.18941294 0.06386591 0.03547604 -0.45816416 -0.048098914 0.034900177 0.010387167 0.2781904 0.131522 -0.20506516 0.5422947 -0.22422189 0.044640753 -0.26784626 0.041757315 -0.1279901 0.17838849 0.078487486 0.25733367 0.06108061 0.047396623 0.11808596 0.119563326 -0.15942721 -0.15191114 -0.10163517 -0.103541166 0.17262207 -0.15344232 0.0027032844 -0.09083501 -0.065352686 0.024044087 
0.07648875 0.30292332 0.32093322 0.2329898 -0.27529055 -0.31267172 0.01566543 -0.36255023 -0.29020816 -0.12340343 -0.1624307 -0.27348217 -0.33064172 0.24874291 0.24491812 0.14438295 0.14123593 0.05527067 0.27352726 0.0043103048 0.212614 0.17443395 0.27511168 0.03185292 -0.04289002 0.019840717 0.0071632233 -0.16206948 -0.012901444 0.14714581 -0.04671836 -0.05655721 0.06200265 0.20004451 -0.3208002 -0.07863162 -0.0024318746 -0.015301051 0.15063052 -0.06778594 0.2590034 0.17610376 -0.023207743 -0.20439093 0.1552772 -0.26699883 0.04344341 -0.26722315 0.08835793 -0.0082417 
-0.22311561 -0.26731727 -0.18441202 -0.20875007 0.23319347 -0.056638144 0.54914254 -0.3027326 0.2450596 -0.087434515 0.025313638 -0.0056446833 -0.26801258 -0.05162198 0.050448216 0.11010727 -0.014577734 -0.01502725 -0.35458788 0.12294744 -0.36851606 -0.18127361 -0.30265108 0.35337412 -0.09425846 -0.034944452 -0.19355187 0.1476353 -0.0878088 0.16540204 0.32798445 -0.26086953 -0.34371838 0.16146518 -0.36178866 -0.14925861 0.10867621 0.18653247 0.030364282 0.18048696 0.26255327 -0.38271788 -0.10105493 0.00018697907 -0.22379845 0.0074569234 0.17697898 -0.43183458 -0.09393095 -0.008707966 
0.06459219 0.2989176 0.3427519 -0.13257354 -0.32960257 -0.10429886 0.21176384 -0.21684155 -0.06532339 -0.077836886 0.15652664 0.22903918 -0.12529151 0.19753729 -0.08262752 -0.14492941 0.22892506 -0.07920867 -0.06417365 -0.3335095 0.3340359 0.09113089 0.051996212 -0.0070568025 -0.17565398 0.0034905653 0.2602861 -0.05869962 0.05758737 0.10800755 0.07994436 -0.18606786 -0.13452558 -0.14201413 -0.07856465 -0.020929964 0.25052553 0.1562155 0.0226012 0.2829325 -0.15019242 0.41629392 -0.3301705 -0.16381268 0.18095855 0.13567695 -0.10986903 0.09647663 -0.109249964 -0.14226669 
-0.036113348 0.10297987 -0.08194365 -0.16812299 0.056490336 0.058899608 0.20402327 -0.051441997 0.093006276 0.30594218 0.112822905 0.14326529 0.25780782 0.20995876 0.1306092 0.31615692 -0.040592924 0.055305187 0.004466685 0.29377022 -0.036846656 0.25493568 -0.018568013 0.13957869 -0.14889461 0.042172227 -0.07413656 0.25359917 0.2238891 -0.18649265 0.16252355 -0.012825132 0.10096142 -0.03463833 0.17786618 -0.092362665 -0.11249752 -0.25381026 -0.022224287 -0.049649607 -0.14284705 0.23962995 -0.09191955 0.17340018 -0.11701812 0.14174831 0.16223797 -0.12634787 0.08837098 -0.15101847 
0.13660333 -0.40805307 0.07276615 0.010278737 -0.25426114 0.2747934 -0.2598281 0.28509527 0.010679027 -0.18353587 0.070767924 -0.32707876 -0.24238953 -0.24034151 -0.3306084 -0.30944082 0.21100493 -0.003476011 -0.001121168 -0.24934508 0.0643553 -0.24101903 0.054451518 0.08904292 0.10380441 0.07157925 0.013061928 -0.03624327 -0.057878353 0.39411616 -0.120238 0.17823745 0.06934379 0.054136194 -0.06908082 -0.1909263 0.2941012 0.06273326 0.4088301 0.13494222 -0.2791408 -0.06750867 0.1062346 -0.1620767 0.01875772 -0.25238872 -0.040505406 -0.05568027 -0.12527145 0.18867756 
-0.08132267 0.27760363 -0.09659072 -0.06907261 0.10920868 0.3921836 -0.20943236 0.007873016 0.15894839 0.14588045 0.0020575623 0.118495494 0.08025023 0.27372962 0.051250253 0.07898601 -0.38118738 0.24219005 -0.018777965 0.032213498 -0.31330696 -0.15875085 -0.2348842 0.15642212 -0.061431423 0.23794766 0.24463437 0.07772288 0.16759755 0.071470395 0.052944053 0.2511559 0.3989077 -0.15489633 0.16935155 -0.3941481 0.022774136 -0.044194918 0.016512558 -0.0503826 -0.3476365 0.20038477 -0.40970322 -0.061938 0.12421466 0.3533462 -0.018436687 -0.1923639 -0.0119799925 -0.07831954 
-0.22259514 0.2425951 
