0.08871042 -0.018024378 0.1536451 0.20331936 0.1005304 -1.0031995 -0.08195218 -0.017951313 0.0486502 0.041744772 -0.41976547 0.6188376 -0.3886113 -0.19305612 
0.110618375 0.48007208 -0.26649112 -0.34257 0.58005905 0.16854884 0.35096717 -0.023536218 -0.15332283 -0.6090739 0.7532598 0.51860523 0.31633306 -0.14435168 
-1.0408018 0.30077595 0.15118167 0.36155918 -0.3486561 0.19132768 -0.48187155 -0.3360565 -0.22402602 -0.26246968 -1.0122802 -0.3323796 -0.3014298 -0.34317887 
-1.2622933 -0.07899709 -0.17558855 -0.07855807 -0.11977438 0.67458326 0.21864416 -0.119170725 0.04914355 0.04120324 -0.49875152 0.05684973 0.17950724 0.06888202 
0.33078083 0.5659853 -0.31404698 -0.4143084 -0.3293762 0.25736192 0.33878133 -0.05296641 -0.23855802 -0.13924286 -0.7653594 -0.22755836 0.14347579 0.05004411 
-0.43993598 -0.31069803 0.08783092 -0.099014685 -0.3411789 1.0810723 -0.2239926 0.25116265 -0.043557897 0.9926023 -0.58161056 0.11815123 -0.63697046 -0.08814733 
-0.16472916 -0.35181892 0.24085577 0.63595587 0.4617252 -0.029368408 -0.49849644 -0.14496943 -0.03706532 -0.25581342 0.5084071 0.2725994 0.003584312 -0.24594495 
-0.24623415 0.069171585 0.043581516 0.032935668 0.23233955 0.23745182 0.055741347 -0.27013418 0.10776555 0.34508374 1.178592 0.04050858 -0.08598003 0.25220177 
-0.253479 0.63428676 0.12784845 -0.07058411 0.06484724 0.1930116 -0.09604419 0.31401494 
-0.18891977 0.31688732 -0.5429042 -0.653627 -0.64169395 -0.041242238 0.14314543 0.6126575 
0.2993097 -0.3776628 0.26404637 0.3924405 0.31178743 0.6573421 -0.5396144 0.025168287 
0.09763165 0.2694974 
-1.683856 0.40320337 
-0.21026748 -0.8871257 
0.35067376 -0.33067375 
