0.4898449 0.2698183 0.65807176 0.5038499 -0.16424713 -0.3387625 -0.24846643 -0.025624469 0.17991148 -0.032850213 0.37398234 0.30377698 0.5742411 0.05128728 
-0.27723968 0.2638132 -0.0015189856 -0.02686085 0.7002483 0.78582275 -0.06138625 0.3532602 0.28534523 -0.14546074 -0.24825609 0.42291817 -0.49997443 0.34171525 
-0.5643703 0.10306888 -0.6779846 -0.15176843 0.79654324 -0.12298349 -0.44489124 0.18706086 0.072095215 -0.54531205 0.20308076 0.16218579 0.2623664 0.20272656 
-0.41238376 0.03126489 0.041414045 -0.14230447 0.31089285 0.20581286 -0.86044705 -0.41715425 -0.28430283 -0.15673582 0.024750557 0.37037235 0.30628002 0.31057447 
-0.063304655 0.042882785 0.15561932 -0.046052568 -0.19026974 -0.15177569 -0.0978775 0.25180563 -0.0419785 -0.15236133 0.24691659 -0.6527034 1.0438851 -0.13988186 
0.029905919 -0.1828814 -0.15225676 -0.3508068 0.42469138 0.107238084 -0.053513616 0.5893155 -0.1113017 0.44118017 -0.082723774 0.15011023 0.7239783 -0.28837445 
-0.7311986 0.49202105 -0.43006518 -0.119738676 0.48385283 0.24822696 -0.4206373 0.57036316 -0.049159788 0.09527827 -0.6441666 0.12403614 0.0128561 0.3121947 
0.019154754 0.3763676 0.07043316 -0.7511445 -0.27696633 0.3389476 -0.19205138 0.33976522 -0.11709107 -0.15087308 -0.010695247 -0.081595264 0.03400282 -0.46663886 
0.55292356 0.16585097 0.14157571 0.047067586 0.17605591 -0.27132675 -0.21169254 -0.3927072 0.6203773 0.035329513 0.44265875 0.12003901 -0.13763411 -0.22638081 
0.13382122 0.39316794 0.11351037 0.3861911 -0.5053583 -0.8834628 0.5695517 0.17966898 -0.12197654 0.20041828 -0.15990652 0.04847273 -0.5374591 0.15805225 
-0.07822543 -0.27361137 0.14769755 0.23893471 0.5545478 -0.16677497 0.044845402 -0.55243164 -0.18573046 0.11493181 0.5279827 0.014431366 0.11025371 -0.0038923274 
0.36881995 -0.17934269 0.574339 0.32884115 -0.15986817 -0.2526101 0.35766265 0.17029952 0.07118449 0.16884042 0.35425484 -0.19324508 0.5430515 -0.4507391 
0.6395909 1.0564135 -0.036906887 0.009218022 0.2754843 -0.54129297 0.34925795 0.5897864 0.16795012 0.04355531 -0.066878416 0.07113596 -0.118639596 1.2870712 
-0.14218824 -0.21227328 0.51347667 0.71047217 -0.23115179 -0.10246538 -0.7080522 0.2167918 0.2574952 -0.36533892 0.026222248 0.04248991 -0.4377436 -0.05123263 
0.015566614 0.029389333 -0.48879674 -0.3314215 -0.36631003 0.25746825 0.0754136 1.0427421 0.06828827 -0.14478162 0.19063646 0.12715611 0.092036575 -0.10298687 
0.46290144 -0.45326835 -0.39375713 -0.6335176 0.26201624 -0.38101768 0.4095279 -0.24131082 0.18644318 -0.34809282 -0.15415834 -0.20073983 -0.2154972 -0.26440102 
0.3871813 -0.16154096 0.17140272 0.18307528 0.027700458 0.13533626 -0.3024334 -0.20213638 -0.26211703 0.19535144 -0.0013097838 -0.5216978 -0.55904037 -0.11853998 
-0.38054982 -0.27490658 -0.022314094 -0.32494587 -0.114397705 -0.2927571 0.3293012 -0.5805063 -0.6712288 0.48763183 -0.53358567 0.06150946 -0.44374722 0.57346827 
-0.023074344 0.16306175 0.103421405 0.19021814 -0.9645648 -0.09788344 0.30181104 0.08895095 0.15477856 0.32269922 0.08388501 0.14743078 0.043609757 0.250914 
-0.52587336 -0.23891795 0.0002543469 0.19367953 -0.0028111325 0.4401262 -0.34848368 0.1994668 -0.47025493 -0.27492815 0.687679 0.3570643 -0.31056118 0.12828009 
-0.36198264 -0.41477096 0.03366589 -0.042024862 -0.21074864 -0.38470662 0.24844931 0.07468453 -0.4422322 0.5133312 0.0741446 0.068457626 0.27907035 0.68293506 
-0.04130994 0.07354597 0.43158868 0.050807532 0.16021433 -0.03193461 -0.21489748 0.845881 -0.06832162 0.15638523 1.0288414 -0.11391394 -0.06190898 -0.21728458 
-0.61033475 0.24534008 -0.06738692 0.14478278 -0.2983105 0.016756441 -0.011695881 -0.089493446 0.15814555 -0.6706875 -0.3728787 0.44308618 1.0504977 0.5310728 
0.2723232 -0.30420628 0.19363005 -0.3419995 -0.094039224 -1.0763361 -0.24435847 0.4672641 0.0796881 0.7073756 0.16383664 -0.055774096 -0.21056701 0.20414458 
0.07540941 -0.28373396 -0.21880838 0.06425715 0.17146845 -0.068230584 0.27170417 -0.27818093 0.6929567 -0.30565605 -0.015044999 -0.16957937 -0.46944287 -0.049325176 
0.09246664 0.5554174 -0.08512255 0.02686178 0.19696222 -0.1520225 0.28340355 0.58472365 0.34577385 0.097339965 -0.22054723 -0.46745574 -0.12412512 -0.10189051 
-0.76216507 0.17834015 -0.01657421 -0.077901825 -0.004812628 0.56823504 -0.3477432 -0.29111996 0.064224005 0.08976293 0.18930867 -0.19570844 -0.2261333 0.60801154 
0.17414305 -0.5432743 -0.17997998 0.766652 -0.96262515 0.55037236 0.13736106 0.42302853 0.12077683 0.15169446 -0.54319954 0.331452 0.4527236 0.2688153 
0.34041893 0.23947658 0.004872809 0.11001947 -0.3709542 -0.56469756 -0.4186427 0.34603786 0.1146338 0.15653898 -0.2776258 -0.03329487 -0.039840184 0.03056627 
-0.022612298 -0.34519148 -0.207325 -0.029352777 0.72624916 0.086089596 0.13847408 -0.2812753 -0.6179693 -0.44682866 0.121757835 -0.31167874 0.2717153 0.015374799 
0.16259801 -0.006203287 0.0507084 -0.56088257 0.2851906 -0.53720754 -0.2978845 -0.37228793 -0.35375258 -0.46978998 0.014205333 -0.27273455 0.18115506 -0.18195626 
-0.3158634 -0.081765346 0.42272612 -0.25973833 0.037495166 -0.04800616 -0.5652298 0.13039303 -0.17487422 -0.58180785 0.23418045 0.2921514 0.17553018 0.5134863 
-0.620131 -0.5241274 -0.45910567 -0.2602539 -0.16163582 0.55717784 -0.4008104 -0.34189728 -0.4858492 -0.9993308 -0.30911738 -0.58761525 -0.1669993 -0.02608088 
-0.22542575 -0.02296012 0.12901168 -0.30559486 -0.2901893 0.4046214 -0.22083989 0.20953903 0.16789484 0.8021215 0.15000609 0.098531604 -0.30424178 -0.14662631 
-0.096533 0.18399397 -0.035870574 0.010544204 -0.38866422 0.31937817 -0.28723887 -0.32282847 -0.15476997 -0.3046279 0.9680743 -0.06688177 0.2524381 0.9631263 
-0.99225515 -0.22801587 -0.10168373 0.23061532 0.0074312417 0.43031237 -0.030907247 0.0124675855 -0.5351904 0.12633641 0.340915 0.008183129 -0.31011155 -0.07203645 
0.37882337 0.33160457 -0.19182798 -0.037669525 -0.23428741 0.010769513 -0.07535007 0.11077772 0.63926226 -0.096279785 1.0678447 -0.014748834 0.18888614 -0.41076076 
-0.54025155 -0.0719434 -0.1842723 -0.16318347 -0.09188204 0.15025045 0.1215169 0.27084443 -0.033107717 0.5647574 -0.080755375 -0.059221786 0.07731761 0.6378837 
0.5896364 0.2822555 0.37863937 -0.13074325 -0.3126172 1.1040688 0.14618038 0.0046584606 -0.20390707 0.46949238 -0.73240733 -0.10907976 0.3939799 0.009497577 
-0.5556169 -0.34640256 -0.5653313 0.22988315 -0.124869764 0.39587465 -0.054644525 -0.92850614 0.13128328 -0.16636091 -0.23144346 0.3402821 -0.27861965 0.28171927 
-0.13601753 0.06181702 -0.30690843 -0.6875122 0.48778817 0.08420323 0.29835248 -0.16449553 -0.3095052 -0.32434013 0.45073327 0.47254243 0.33729884 -0.5428526 
-0.14085141 -0.38172698 -0.38772884 0.5029552 -0.60571283 0.12627831 0.376278 0.19578944 0.20739886 -0.4016039 -0.4814779 0.44060582 0.72693336 0.3869273 
0.5748624 -0.40842 -0.11644139 0.23951 0.14087883 -0.38031214 0.42788306 -0.34188274 0.12559968 -0.37197882 -0.98030794 0.40537426 0.5246033 -0.11243787 
-0.007515319 -0.08678513 -0.2102935 -0.13629442 -0.801637 0.24964592 0.11659482 -0.4669472 -0.1200105 0.1713892 0.7241956 -0.2295533 0.5221662 0.013734616 
-0.38425684 0.42665476 -0.015955545 -0.1470819 0.34956637 -0.46906358 0.12868811 -0.1572091 -0.25386468 -0.26557088 0.20402391 -0.5649458 0.26791596 -0.46087015 
-0.7621603 -0.09146693 0.42961714 -0.26642972 -0.21291545 0.07660391 -0.24901313 0.3333267 -0.506295 -0.14390843 -0.5746131 0.37686947 0.50006396 -0.5034009 
0.0029929325 -0.08548836 -0.12521328 0.35691193 -0.34132448 -0.58523667 0.5160462 -0.3087408 0.36434066 -0.8654828 0.005696385 0.18447961 0.25357157 -0.49489182 
0.20841491 -0.57024926 -0.47431988 0.2387555 0.1508532 -0.058514044 -0.47736257 0.19085518 -0.4814897 -0.62291133 0.08219074 -0.49661213 0.53032786 -0.022878675 
-0.25186154 -0.16015172 0.46968704 -0.095153324 -0.23738165 0.19729784 0.3367944 -0.07389447 -0.4558529 -0.0496806 0.19102453 0.08488762 0.014728345 0.6111409 
-0.3349077 0.06681147 -0.20608872 -0.06972413 -0.15555364 0.19775282 0.11398018 -0.11589991 0.33185375 -0.08438693 -0.10307442 -0.17338273 -0.49464905 -0.2897019 
0.03521581 -0.085577495 -0.09522229 -0.019889118 -0.13524155 0.15902348 0.04452638 0.024678491 -0.04444255 -0.008425318 -0.020278234 -0.09651599 -0.0077660326 0.1320181 -0.07929917 -0.04051921 0.033881962 -0.04455004 -0.019664092 -0.031769823 -0.0108741205 -0.043224126 0.118915014 -0.044766847 -0.105482526 -0.041081928 0.16731301 0.09320663 0.17314777 -0.10673862 -0.06158512 -0.042003512 0.0061454456 0.082005665 0.059104033 0.077650234 0.020097997 0.022993729 0.1408417 -0.052170854 0.20150794 -0.09091245 0.017692138 -0.006859711 -0.08661964 0.12739164 -0.030389534 -0.05042743 -0.009942396 0.058625694 
-0.286807 -0.04882283 -0.15418786 0.014070152 -0.13551109 -0.13465184 -0.07184695 0.2120725 -0.11593203 0.12904014 0.415891 0.15640746 0.12117602 0.32986414 -0.05833921 -0.024816921 0.19902177 -0.21976149 -0.14550021 -0.022907784 -0.092783816 0.097639844 0.12957348 -0.06593749 -0.09737987 -0.14089273 0.06322977 0.20022367 -0.22583042 -0.06417109 0.24013011 0.07391815 -0.19441769 0.11313387 -0.06339267 -0.11078872 -0.25564253 0.12326006 -0.09318504 0.08035207 -0.31652966 -0.15961221 -0.013122484 -0.048835143 -0.33415222 0.15755062 -0.14631245 -0.0005902324 0.21105033 -0.17857407 
-0.45503518 -0.051159427 -0.15505251 0.08756501 0.021186065 0.16938755 0.226516 -0.13404116 0.14283143 -0.010720157 0.15952358 -0.12683925 0.03348317 -0.16694802 0.4205998 0.08690384 -0.05359416 -0.043812197 -0.5239575 0.043178186 -0.08261177 -0.21264485 -0.16411851 0.030566676 -0.14456052 -0.4152327 0.12889817 -0.14070794 0.22760534 -0.002649901 0.22164507 -0.017623475 0.1207677 -0.47724515 0.0855295 0.07804867 -0.34845597 0.17311175 0.168481 -0.21771154 0.053409413 -0.12106542 0.12464939 -0.16774453 0.10311113 -0.061304513 -0.16161543 -0.25976157 0.13273744 0.035034284 
0.341351 -0.28304607 0.032563522 0.13924769 -0.51170284 0.025334002 0.45023382 0.07908884 -0.1477233 -0.19618033 0.10530204 0.12380079 0.39174834 0.11405061 -0.012642089 -0.083637804 -0.116727136 0.21166886 -0.15310022 0.23539701 -0.21926782 0.17366435 -0.3283495 0.23899913 0.25595048 -0.267888 -0.19313358 0.07275289 -0.5248322 0.06545624 0.07217784 0.113887936 -0.5298482 0.1301856 -0.09969505 -0.040466115 0.19436204 0.09741255 -0.5457201 -0.1881653 0.28378025 -0.06423477 -0.013383724 0.35382763 0.08231449 -0.049414776 -0.12563647 0.3977886 0.040938944 -0.05991411 
0.08673833 0.030096086 -0.059401866 -0.3799519 0.12447356 0.028551988 0.062121082 0.19612442 -0.04786134 0.20885104 -0.303487 0.38471305 -0.19674042 -0.033424806 -0.12359314 0.040754166 -0.40920955 -0.2091824 -0.019340994 -0.15591156 -0.2739615 -0.14235349 0.18336736 -0.2662539 -0.18261904 0.13323548 -0.26691675 -0.12186547 -0.043251403 0.28027835 -0.050504178 -0.08652082 0.013665481 0.12837355 -0.04330899 -0.07281438 0.16315553 -0.1871906 -0.035028074 0.06376449 -0.4209575 0.11548302 -0.08094508 0.09092967 -0.049183436 -0.36381927 0.065563515 0.021608498 0.01802563 0.44775862 
-0.23127231 0.14909449 -0.16592091 -0.011768638 -0.042747144 -0.27317086 0.1407941 -0.23859996 -0.03223365 -0.01747222 0.2544557 0.08950556 0.043837324 -0.04044209 -0.07988765 0.49041352 0.117507316 0.16700083 0.12427709 0.6353022 0.264706 -0.044458535 -0.19734448 -0.17734012 -0.05406141 -0.18569523 -0.43910518 -0.04214775 -0.16732284 0.19208969 -0.086875595 0.071937464 0.32587236 -0.23956493 -0.012624363 -0.40749702 0.1382951 0.10986174 -0.24132478 -0.5482303 0.017920151 -0.16862713 0.005030059 -0.021513889 0.03628791 -0.15990096 0.20819645 -0.16877893 -0.23088719 -0.033749577 
-0.0032645673 0.068098515 0.17050442 0.29304004 -0.00792823 -0.24671715 -0.023433656 0.08426652 -0.14799747 0.02775697 -0.19074228 -0.074497 -0.27579495 0.008694833 0.040907934 -0.31832114 -0.39534518 0.12174488 -0.07824475 0.07750522 0.16383944 -0.36755583 -0.20156711 -0.098743536 0.34040266 -0.08683487 -0.017344138 -0.22649156 0.19495293 -0.46342462 0.18432339 -0.11661244 0.13739944 0.09386345 0.12011824 -0.25045642 0.31055132 -0.30139622 0.0070380787 0.2791003 -0.0012817376 0.45351973 -0.12806876 -0.26868403 0.3391907 0.20438695 -0.37887132 0.3388341 -0.16175866 0.08985708 
0.039722048 0.03581817 0.09829847 0.08337903 0.04562339 0.20589726 -0.07605279 -0.16128054 0.2084095 -0.12805885 0.014502329 0.0325943 -0.037847742 -0.38351658 0.26513264 0.12653358 0.01134381 -0.047497965 -0.004610096 0.085306995 0.33088169 0.24698243 0.06474206 0.10760654 0.2418551 -0.10076112 0.22947043 0.10583702 -0.25743437 -0.3882559 0.049142703 0.32606515 -0.0128017515 -0.28314704 0.36899242 0.05268205 0.082596555 -0.016482824 -0.015298354 -0.38977167 0.17835295 -0.43053105 0.07643119 -0.06343854 0.102465495 -0.010158835 0.01993659 -0.2043494 0.2542014 -0.27837655 
-0.048869863 -0.00979051 -0.1408888 -0.111154884 -0.214993 0.09728895 0.17210245 0.041084226 0.048250172 -0.048049048 0.40261027 -0.040141944 0.07653391 -0.03467708 -0.1763746 -0.19785163 0.03620634 -0.009977474 0.17121306 -0.13698564 -0.06456492 0.32291254 -0.085551225 0.003347955 0.18061328 -0.2658063 -0.33305585 0.014973051 -0.118062675 0.049408205 0.105214156 -0.32936275 0.013966815 0.032708645 -0.2568459 -0.28465098 -0.13795088 -0.0017034144 0.096062735 0.2493874 0.046728548 0.1811211 0.29407045 0.08000674 0.003620628 -0.14230102 0.16516493 0.06640866 0.06987234 0.23035584 
-0.12546349 -0.26364642 -0.096277 0.0034569502 -0.072332166 0.08995064 -0.26572084 0.1059972 -0.16403158 -0.24442641 0.0020926867 -0.3104813 -0.10741939 -0.030182222 0.051179066 -0.151941 -0.47671345 -0.29275668 0.26023254 -0.13015507 0.13082644 -0.030402701 -0.14496285 -0.49083036 0.07905439 0.1229044 -0.33396772 -0.014260402 0.061435662 0.30810642 0.26389745 -0.09913312 0.1598289 -0.11250525 0.13581277 -0.01448093 -0.1909346 0.0009602764 0.07803153 -0.23674071 0.26584494 0.043275747 0.057387 -0.34899884 -0.21383393 0.34869963 -0.10476499 -0.08692326 0.103751376 0.07602089 
-0.30359283 -0.09733186 0.122904785 -0.009297094 -0.19334657 -0.20302461 -0.35913306 0.042474814 0.25944024 0.120752804 0.45291948 0.15703231 0.17293274 -0.057380475 0.34998098 -0.0821495 0.45463672 -0.059579067 -0.10901349 0.20458704 -0.101081625 0.31049117 -0.14767323 -0.17285502 0.31020182 0.101105526 0.07728024 0.0027054222 -0.34921446 -0.042192794 0.2816223 -0.1658485 -0.2197947 0.034959685 -0.0015296146 0.35981724 0.07161832 0.092861794 0.18503587 0.19123408 -0.0028664088 0.053631745 -0.1971232 0.25950694 0.1564702 -0.23741084 0.13966987 -0.18648857 -0.028080402 0.048266813 
0.06542118 -0.20656192 0.22217685 -0.13108549 -0.4831038 -0.13899517 0.0075921733 -0.06354129 -0.32388854 0.039300922 0.24760056 0.10954234 0.0873888 0.33029142 -0.07032281 0.07305016 -0.05576352 0.24690025 -0.58849037 -0.1481154 0.22877127 -0.323516 0.12945995 -0.018812127 -0.01913555 0.22900732 -0.6043291 -0.40317103 -0.003247894 0.36193836 0.3807649 -0.36798918 0.21642491 -0.04563764 0.07261316 -0.29419267 -0.0072334995 -0.33283472 -0.24188444 -0.1110368 0.09848521 -0.05662662 -0.035906333 0.16901132 -0.04675531 0.09536193 0.122169815 -0.047694474 -0.36323497 -0.23233227 
0.091094494 -0.363844 0.12559387 -0.060809072 -0.31455112 -0.22189541 -0.058018997 -0.37447882 -0.093691185 0.041223593 0.09096522 0.24678354 0.13965657 -0.123153 0.030135116 -0.09047694 0.011204645 0.00644357 0.0011307693 -0.112263754 0.16366425 -0.18074726 -0.014590042 0.3745802 -0.12533405 -0.022231413 -0.089527674 -0.24929973 0.2998566 -0.031093521 -0.094060265 0.23935002 -0.14484532 -0.14037663 -0.56280583 0.014727783 -0.57700485 -0.09491923 -0.36404523 -0.056775466 0.2926673 0.18884698 -0.30394948 0.18947355 0.096178256 0.19087644 0.027390542 0.012486084 -0.40002757 0.25167394 
0.20506835 -0.19139646 -0.08960015 -0.22104864 -0.09103868 0.11607467 -0.1173843 -0.25386754 0.24800211 -0.12137878 0.22495998 -0.16842604 -0.11636599 0.48129824 0.15509008 -0.029036237 0.10544201 0.31927016 -0.22419259 -0.022993827 -0.046170816 0.18575062 -0.0772677 0.36880705 -0.25971016 0.03532011 -0.11100593 -0.1207463 0.025214205 0.09017353 -0.10474987 0.28361294 -0.05115334 -0.029009668 -0.007102819 -0.094733074 -0.13127328 0.22016838 0.2232254 -0.09167443 -0.1690321 -0.12681875 -0.14199741 -0.041036356 0.20375277 -0.0011323073 0.22747594 -0.105605915 0.13992378 0.15775569 
-0.11274588 -0.16062577 0.039569017 0.15291966 -0.029059341 -0.27485716 -0.13952334 -0.031395353 0.09440745 -0.03459665 -0.18918744 -0.2469637 0.2803812 0.56907195 -0.4297684 0.05073966 0.4442008 0.3082346 0.07865774 0.054691162 -0.3174324 0.13697049 0.1944431 0.049381196 0.08807406 0.074012555 -0.15894465 -0.102711886 0.12991486 -0.016335966 0.11962609 -0.17630877 0.24184488 -0.4768506 0.13098325 -0.22161843 -0.20155771 -0.018430384 0.18647616 -0.39937177 0.1626734 -0.118136436 0.007296887 0.41808945 0.058189437 0.07910542 -0.28375107 -0.10150908 -0.015880981 0.3832786 
0.11726531 -0.3037389 0.12063769 -0.1287234 0.122887805 0.038425922 -0.1154819 -0.06510348 0.10159764 -0.27633712 0.10060606 0.1714097 -0.4697669 -0.27932876 0.07410576 0.20532559 0.17909476 0.0323696 -0.25749972 0.007969281 -0.28020135 0.023826469 0.4329949 -0.07905423 -0.49266037 0.04195909 0.018939953 0.02515358 0.12065244 -0.13831297 0.19275914 0.14885671 0.31366056 0.07803016 -0.18408261 -0.3276461 -0.16217916 -0.4726015 0.2632241 -0.17128354 0.124793336 -0.2938263 0.10562143 0.089945674 -0.24899368 -0.30926144 -0.18245493 -0.10855898 -0.29775012 0.15987635 
0.03514149 -0.39718756 -0.38691986 -0.14610037 0.12483656 0.057674695 -0.10718782 -0.007879057 0.24032323 0.17321762 0.119395494 0.38867763 -0.30260184 0.23275018 -0.06443643 0.051631387 0.0064736228 0.46377376 0.07645368 -0.22071688 0.08138292 0.15691479 -0.043230515 -0.28324696 0.14406702 0.16176869 -0.23809683 0.21907848 -0.43194896 -0.117766194 -0.1437618 0.1273196 0.13043518 0.094735116 -0.112698935 0.26124778 -0.0014979118 -0.24301873 -0.2990349 0.11154535 0.17839678 0.12399094 -0.18608698 -0.04212666 -0.2580409 0.017444178 0.37862158 0.12428287 0.21772762 0.088074476 
0.0048084524 0.088370144 0.08629375 0.08700473 -0.2627973 0.28220093 0.09934964 0.1313097 -0.4063051 -0.29091758 -0.09477168 0.052934166 -0.12412028 0.19035493 0.13967645 -0.17548083 0.07718878 0.15687245 0.09218198 -0.42162496 0.108039625 -0.25415772 -0.22946995 -0.45896804 -0.11517318 -0.22360428 -0.18468577 0.40279007 -0.10872023 0.031234264 0.016519045 0.26190084 -0.14405492 0.04359803 -0.11941561 -0.44182906 -0.2589805 0.25093663 -0.16919908 0.21444012 0.28148478 0.26389784 -0.20258059 0.10721711 0.023728898 -0.34095645 -0.59328884 0.2937923 0.12647751 0.49262425 
-0.13673663 -0.382588 0.13972373 0.22262737 0.17048895 -0.017027566 0.0051047998 -0.4003885 -0.31165865 0.21616511 -0.005937182 -0.4977067 0.3285184 -0.1267682 0.03764441 0.09574724 0.0054475563 0.1273842 -0.4663557 0.04889139 0.4194199 -0.048735525 -0.06979251 0.07952685 -0.052840453 -0.37397474 -0.3294931 -0.0065257573 0.36791337 -0.007966276 0.022241088 0.24841055 -0.06981622 0.07069584 0.17811087 -0.0073608896 -0.33946875 0.1448278 -0.22771326 -0.031362236 0.21561362 0.013464126 -0.11467822 0.10057629 -0.10311892 -0.28921863 0.055121265 -0.28102842 0.11550784 -0.04830362 
-0.192409 -0.042833682 -0.5144644 -0.39700013 0.16832788 -0.159785 -0.3762737 -0.11404988 -0.2692101 -0.22379139 0.27609727 -0.04027823 0.19486763 0.0013868527 -0.1073054 0.2177356 -0.0056651896 0.37181655 -0.027263634 0.3841054 0.009885353 0.39993575 0.37157607 -0.01951972 0.07237361 -0.12852316 -0.049995914 -0.050433304 0.33544087 0.349946 -0.03823009 -0.16446345 -0.1600735 -0.159811 -0.10223121 -0.063267976 0.18746331 0.2838413 0.4930927 -0.102178045 0.018611252 0.21494126 0.45989746 -0.17983289 -0.04587236 0.5784832 -0.17270115 -0.13364477 -0.25332546 -0.14909698 
0.35814902 0.18813398 0.07037745 0.09666429 -0.02631805 -0.12776375 0.012934458 0.0143556455 -0.35640034 -0.23460831 0.28784582 0.059674192 -0.12888288 0.060127802 0.079981185 0.08182305 0.12195485 0.06072092 0.08401685 -0.1488515 -0.23276138 0.18407482 0.0033308761 0.100074254 -0.20990595 -0.13592964 -0.5513363 0.22764152 0.097295515 -0.13408685 -0.38859612 -0.08627366 -0.17662035 -0.31891862 0.1296881 -0.58633715 -0.09958992 -0.301175 -0.37200373 -0.14705686 0.0007711227 -0.04560772 0.12868375 -0.4048455 -0.3511296 0.37505513 0.2985903 -0.17896113 0.2401519 0.18568178 
0.18722928 -0.21173392 0.16683589 -0.027603766 0.03804964 0.10952645 -0.33225384 0.36464489 0.24695545 -0.13379496 -0.10255432 0.21197513 0.21590325 0.041109595 -0.09678826 0.03890808 -0.06018541 -0.46642718 -0.2113859 -0.27280468 -0.26732215 -0.089679234 -0.26310423 -0.009411942 0.5256931 0.16611686 -0.260207 -0.17893088 -0.467783 0.19653668 -0.3210289 -0.24937819 -0.16543752 0.15947156 -0.1794084 -0.17791252 -0.021003878 -0.09843719 -0.16062245 -0.072288945 0.2843722 0.0549626 0.24172622 -0.014762561 0.17155273 0.07180199 -0.25076482 0.35152394 -0.043210205 0.19781937 
-0.0373495 0.100771934 -0.079670854 0.105752386 0.2545468 0.28513795 0.19926775 0.06553269 -0.446886 0.033472624 0.12466246 -0.022508992 -0.19902717 -0.058286466 -0.33608526 0.33646885 0.2734595 0.26188493 0.29154962 -0.015862603 -0.09004809 -0.300764 -0.02922825 0.24923103 0.07562509 -0.009576412 0.13700894 -0.19161041 -0.04944121 0.34981453 0.23960567 -0.10688446 0.22018242 -0.18002343 -0.20728287 0.07060157 -0.42025512 0.12634523 -0.05898532 0.18554002 0.0768344 -0.049195535 0.3761783 -0.14344099 0.46321774 -0.01442848 -0.17257765 -0.07120736 0.059401132 0.20774212 
0.0827747 0.16647008 -0.39789972 -0.0716668 0.41405368 -0.102374375 0.036115743 -0.04393592 0.032487866 -0.04822473 0.024386838 0.13583958 0.2358723 -0.10216232 0.112539575 0.21034965 0.1464466 -0.09110707 -0.5345381 -0.16331798 0.19564265 -0.070609845 -0.47535384 -0.12773387 -0.015651686 0.068554714 0.034005657 -0.12767464 -0.21637633 -0.11313053 -0.38423428 -0.17033356 -0.13484605 -0.20053102 0.041287955 -0.25823894 0.27060652 0.31931895 0.081641465 -0.14474797 -0.0120616425 -0.027869156 -0.71419966 0.15984833 0.37973976 -0.029669516 0.09928013 -0.17135155 -0.0011087077 0.054084446 
-0.059281886 0.11407713 0.19651929 -0.2231492 -0.07165941 0.21290946 0.398306 -0.08683086 0.24961457 0.0025567615 -0.13148601 -0.36807746 0.25762537 -0.11968974 -0.011479629 -0.097646914 0.035940543 0.038472567 0.36558557 -0.2632058 -0.06288044 0.27295792 0.02231885 -0.17029965 -0.44800195 -0.15166381 0.06723915 -0.32118163 -0.1476781 -0.3335374 0.04839575 0.13237058 0.046135627 -0.033379655 -0.2806587 -0.15728945 -0.28393903 -0.35581648 -0.3172037 0.066827215 -0.023747936 0.26003757 -0.03413298 0.015375487 0.019696545 0.108905554 -0.1797052 0.41168606 0.120410554 -0.04221928 
-0.099904634 0.28137437 -0.3788577 -0.06980507 -0.1766305 0.34713614 0.09618564 -0.1364653 0.038886372 0.098983005 -0.16018647 0.036820173 -0.07763041 0.10839282 -0.025135318 0.33292317 0.11107873 -0.08349693 -0.09549749 0.13657995 0.3327167 0.003334625 0.0058270297 0.10319271 0.30670798 -0.10895892 -0.14405191 -0.26365736 -0.13562341 0.1785951 -0.10580688 -0.21451855 0.21244717 -0.05274079 -0.11330994 -0.37152913 0.47059077 0.08764657 -0.072251506 0.077076815 0.095513426 -0.013629065 0.017127946 -0.049033623 -0.33509642 0.23721224 -0.2509419 -0.0626831 -0.0047326554 0.11545503 
0.0075909127 -0.12624039 -0.50149643 -0.24308254 0.24311301 0.47034675 0.16508505 0.063377514 0.14001699 -0.046367962 -0.06584575 -0.08080222 -0.15034218 -0.19027828 0.13432509 0.02270028 -0.17904995 0.17096032 0.13474624 -0.2415929 0.14972073 -0.2558591 -0.23032992 -0.2676077 0.0887813 0.3625631 -0.22438028 0.08077462 0.23357405 0.110762134 -0.3381124 -0.15692186 0.11295783 0.40127984 -0.35735294 0.24170808 -0.028435823 -0.08764697 0.3530146 -0.009789925 0.1261955 -0.11309921 -0.3132248 0.06299167 -0.17138083 -0.041091602 -0.5763676 0.019972675 0.14829816 0.12887438 
0.007554605 0.20082378 -0.28270242 -0.15877113 -0.3608002 0.13802919 0.14080878 0.056082558 0.04101358 0.14989613 0.31529 0.02641336 0.33947262 0.32809815 0.22609188 -0.1550492 -0.136672 0.029787304 0.060503233 -0.4548336 0.08880927 0.026807498 0.014105807 0.12770188 0.014511534 0.08554708 -0.33514118 -0.09770633 -0.079540536 0.020040479 0.28593224 -0.62357855 0.23668137 0.10387944 -0.28300753 0.0017502313 -0.028248597 0.02854032 0.32998 0.22861543 -0.1811178 0.14691453 0.26527768 0.2830702 0.18332279 0.26689032 0.0801696 -0.041492376 -0.07943084 0.2667723 
-0.26949927 -0.02088286 -0.023041753 -0.2854688 -0.44873768 -0.20079176 0.124840006 0.07836553 -0.089791626 -0.18273625 0.1858339 -0.2634867 -0.20349045 0.1496505 0.28846258 -0.1424333 0.054213252 0.023560442 0.0721484 0.32411584 0.3082113 -0.16194046 -0.022168778 -0.5258182 0.01163665 -0.29304332 -0.08271405 -0.17630059 -0.34947652 -0.20477058 -0.14982873 -0.035343576 0.16055225 -0.09071593 -0.10116455 0.06050992 -0.12653817 0.6303532 0.23034948 0.044082828 -0.14686437 0.34852925 0.118883565 -0.12183475 -0.051793076 0.050166085 0.3686421 -0.10569498 0.027423112 0.30900967 
-0.027992396 -0.22799289 -0.16105297 0.46920806 0.007744915 0.26348647 -0.07019785 -0.12018414 0.2805252 -0.081503555 0.18456483 0.2068001 0.07857307 -0.09825874 -0.23538372 0.29956087 -0.15545706 -0.17343178 0.18006286 -0.089228876 -0.016645452 0.24010165 -0.0518046 -0.08728149 0.011965159 -0.24484865 0.07962644 -0.38211355 -0.3677255 0.31795305 0.4086539 -0.012700612 -0.21482728 0.18331182 0.39429793 -0.2241332 0.28310195 0.5491789 0.14312463 0.09654681 0.30007303 0.25061858 -0.3414994 -0.05430758 0.47771803 -0.020385973 0.08571248 0.21955843 0.0825603 -0.17415257 
-0.056218773 0.2517661 -0.11245638 -0.031104065 -0.049205665 -0.0141780665 0.13343489 -0.025597157 0.10544459 0.115874894 -0.24569067 -0.039765965 0.05687799 -0.39306292 0.14133649 -0.47169694 -0.13158451 0.16822647 0.00025523122 -0.06577331 -0.16810857 0.42993966 -0.19462441 -0.14068687 0.2541108 -0.3360272 -0.29277235 0.07864659 -0.26614338 0.073296055 -0.42814124 0.054528177 -0.2079713 0.14751184 0.02113453 -0.1512455 -0.14653671 -0.27716008 -0.3399729 -0.009015876 0.30239588 0.39242265 0.15469348 -0.19977471 -0.19266199 -0.12408523 0.23092996 -0.093594395 -0.03239928 -0.320646 
-0.10348476 0.20009664 0.31382242 0.07696323 -0.59861463 0.14578667 -0.041624356 -0.020341506 0.19745453 0.20156293 -0.15958703 0.1357831 -0.24263375 -0.080919385 -0.2999725 0.094549164 0.24302188 -0.24586049 0.2992018 -0.17235667 0.17835335 0.14996108 -0.13965853 -0.11674979 0.18570119 -0.0011452374 -0.09413846 0.32934964 -0.002758877 -0.15572101 0.06362184 -0.017320199 0.16206235 0.07397452 -0.233808 -0.038188495 -0.28718624 0.49134114 -0.19626433 -0.0034418397 0.1646471 -0.088366866 0.023536071 -0.07461138 -0.0950236 0.3338774 0.26135957 -0.4959743 0.08697602 0.11630873 
-0.22898827 -0.026878588 0.00079087866 -0.18445428 -0.25417188 -0.15813561 0.117257155 -0.08101812 0.26895872 -0.033947047 0.14218216 -0.1727923 -0.05310912 0.21602876 0.06517372 0.1486821 0.43438417 -0.070988916 0.098587245 0.21834795 -0.20564497 0.09304275 -0.019464517 -0.06434162 0.2102981 0.0009649509 0.20721072 -0.23251285 0.16502178 -0.19578014 -0.20060998 0.048020706 0.116351396 0.22438976 -0.3763119 0.5460651 -0.16864015 -0.19470295 0.1622868 -0.21530358 -0.05288875 -0.031343807 -0.08541027 -0.09683846 -0.06699893 0.0034895649 -0.041133545 -0.12850489 0.10009075 -0.039805237 
0.2649379 0.36579788 0.0355883 0.06505532 -0.19724235 -0.3363074 0.008531707 -0.18475138 -0.24096105 0.32641143 -0.45989183 0.48633206 0.020422501 0.0849214 0.18565036 -0.04642579 0.0044744182 -0.42637557 -0.07396714 -0.2564621 -0.03778473 -0.09401927 0.057066593 0.086748846 0.15247671 -0.095715985 0.06581906 -0.17796525 0.23140039 -0.01757687 -0.4425835 -0.24149849 -0.32085788 0.018224383 -0.03568675 0.23931435 0.08967359 0.0046071503 0.17757395 0.09891068 -0.48586333 -0.1907338 -0.08201137 -0.04152028 -0.12640284 0.016117517 0.04145607 -0.18674366 0.06595987 -0.04972052 
-0.40887877 -0.1225395 0.3322485 0.02453664 0.22685578 0.26417705 -0.07073579 0.1981263 -0.2587007 -0.38686597 -0.20069765 0.08896268 0.12791698 0.072941296 0.019783206 -0.0062361592 0.23987278 0.07248962 -0.14749351 0.009541576 0.2532766 -0.08389895 0.27326047 -0.30452642 0.028477395 -0.1171327 0.30291733 0.15667723 -0.48161763 -0.01980239 -0.18949836 -0.044539753 0.04235597 0.023039933 0.471508 0.13946655 -0.12959665 0.07897458 -0.046251576 -0.10256529 -0.32489872 -0.48186684 -0.03713392 -0.00085641496 0.019429348 0.13463232 -0.33988708 -0.076079026 0.003914301 0.3019567 
-0.35647795 -0.45871237 -0.34521767 -0.17297012 0.2976857 0.102666356 -0.1488568 -0.23144923 -0.051999226 0.42562705 0.24398747 0.5018371 -0.2552123 0.06641006 -0.092663914 -0.28513655 -0.08288306 -0.055059437 0.072986595 -0.0011302714 -0.1171015 -0.021944698 0.50883883 0.09893035 -0.052435316 -0.107677884 0.01554617 -0.006603546 0.2671908 -0.04055766 0.38201937 0.07341277 -0.17550212 0.1957116 -0.0065502287 -0.04819483 0.10850332 0.018319167 0.23076314 0.12983765 -0.40160862 -0.2237933 0.21407573 0.3206979 0.15305889 0.0875457 0.06956522 -0.0547895 -0.29555318 0.15846576 
-0.010583429 0.12597747 -0.13338082 -0.22998066 -0.10892867 -0.048796993 0.057583913 -0.5311988 -0.37678137 -0.033453055 0.27079228 -0.03709504 -0.17805754 -0.23205604 0.019807888 0.40529266 -0.3759397 -0.2912087 -0.17577453 0.160864 0.35891905 0.2601948 0.6300527 -0.5739063 -0.17219707 0.29692942 -0.25103322 0.036337577 0.14195359 0.29316315 0.16837272 -0.13517128 0.0149348425 0.092605785 -0.059270483 0.017573996 -0.18645546 0.31076947 0.49376068 -0.5671409 -0.39917368 0.27640498 -0.33499977 0.07405475 0.35412675 -0.26323396 -0.22253756 -0.12369048 0.124534205 -0.110773325 
-0.30636042 0.112754345 -0.07543592 0.18052796 0.09966135 -0.09327546 -0.10325302 0.41363922 0.17535245 -0.0783667 -0.06860834 -0.19347581 0.17042537 0.19165139 -0.09324126 -0.46562847 -0.22681606 0.008816373 0.0749573 -0.21189688 0.035386335 -0.32507256 0.055038728 -0.12269164 -0.31613043 0.010759302 0.14355859 -0.034724332 -0.07486929 -0.0016246825 -0.000557133 -0.07587439 0.059961792 0.32248354 -0.19394661 -0.1387758 -0.05026488 0.10496748 0.13751088 -0.070425466 0.13289563 0.033667922 0.013134452 0.12714818 -0.13863598 -0.09221577 -0.010447225 0.10633235 0.11941432 -0.39145523 
0.001367968 -0.4973472 -0.10634953 -0.015271319 0.21172746 -0.013289996 -0.04723193 -0.013776805 -0.42382753 0.15764527 -0.30763173 0.2316931 -0.14642814 0.07104376 -0.141062 -0.108435884 -0.012310322 -0.21177529 0.09028404 0.02387714 -0.34924653 0.08711631 0.1855083 0.06439303 0.0471205 -0.16678075 0.14332654 0.0616373 0.102759324 -0.021860538 0.022570664 -0.031933896 0.107661664 0.16154596 0.0001727506 -0.00475852 0.2046477 0.040606786 0.36551103 -0.09035443 -0.18162541 -0.14740582 -0.023397686 0.19924977 -0.59245765 0.29478037 0.30942428 0.11790439 -0.06461506 -0.25777933 
0.10914143 -0.1451767 -0.062852085 0.00906343 -0.24828877 0.004627562 -0.34928453 -0.023221362 -0.24502401 0.22140244 -0.12346633 0.053915054 0.019309394 0.044121716 -0.038287353 0.04830065 -0.080387056 -0.00889465 0.02285026 0.17114644 0.24300261 -0.027743641 -0.3051039 -0.08695993 -0.025224434 0.060582455 -0.023623716 -0.12639686 0.2987753 0.04533979 -0.12938751 -0.11197174 -0.32070434 -0.10782972 -0.45171002 0.15783507 0.06561772 0.48745504 0.060837172 0.20536311 0.2879925 -0.24270949 0.32709262 -0.09931042 0.031432953 -0.049165975 0.45337865 -0.24377657 -0.046356946 -0.034936417 
0.44998738 0.4471704 0.0727664 0.25592065 0.23052022 -0.060490724 -0.56129545 -0.025792079 0.18093695 -0.08048853 -0.26207322 0.387665 -0.11691633 0.07141581 0.03484502 0.3778471 -0.05613024 -0.04143634 -0.059663385 0.11092687 0.16162096 0.3457035 -0.17331631 0.17308581 -0.14495604 -0.03461323 -0.256495 -0.000522458 -0.37487146 -0.09497148 -0.28131804 -0.026833516 -0.09436233 0.1398179 0.39952683 0.10043535 -0.1904821 -0.25746894 -0.31573826 0.28640637 -0.052591804 0.20252539 -0.1481642 -0.10465172 -0.19000572 0.09577235 -0.31255317 0.100947455 0.0806291 -0.14927793 
-0.023823328 -0.25398383 0.1269639 0.068030626 -0.23742045 0.038242657 0.0727097 0.1117268 -0.16090116 -0.2039666 -0.03604361 -0.10104038 0.08355283 0.031312283 -0.12384032 0.17899145 -0.019568661 -0.28486544 0.05611442 -0.18274055 -0.20196898 0.034395784 0.48945358 -0.10760476 0.026912084 0.13584872 0.12084516 -0.0993161 0.017783543 -0.19194199 0.06400704 -0.009193283 0.20026617 -0.17997032 -0.07956694 -0.39888358 0.16859049 -0.20795158 0.239042 -0.070834965 -0.14996742 -0.100733645 -0.13324724 0.24380082 -0.0022522884 -0.5282789 -0.19385535 -0.27621102 0.12194339 -0.05433679 
-0.0123726325 -0.11434451 -0.007064009 0.035139177 -0.041772176 -0.3195018 -0.081972405 -0.04049088 0.20026377 -0.23490378 -0.15531522 -0.45932654 0.2667176 -0.089470506 0.045270193 0.24268256 0.17692293 0.042472713 0.54631764 -0.020373875 0.1259471 0.027554369 0.076778755 -0.020959541 0.08008782 0.3477435 0.37226403 0.027270593 0.17569631 0.12965342 0.5480924 -0.30818707 0.05182535 0.16487929 -0.01851797 0.038180135 -0.08211295 0.10022527 0.51028097 0.027694004 0.25673628 0.39461255 0.25324997 0.20288475 0.115319036 0.2518247 0.17652485 -0.06380962 0.17057426 0.060715023 
-0.08329663 -0.031024745 0.14710982 -0.32748422 -0.039134555 0.07485065 -0.3911918 0.27254853 0.06215013 -0.042260215 0.009481701 0.02089591 0.16428818 0.35630682 -0.04118782 -0.025930531 -0.09772813 -0.029394379 0.25321764 0.059390664 -0.19879216 0.15683432 0.06965816 -0.19173308 0.14810444 0.23877767 -0.07071886 -0.061678797 0.011330984 -0.10222025 -0.28147322 -0.0042296043 -0.11205073 -0.30483747 0.11241642 0.114611685 -0.20923153 0.37868887 -0.19482568 0.07456992 -0.17528552 -0.14424716 -0.03937741 0.19977334 0.22043797 -0.1513758 0.09889468 0.15111199 0.04053823 0.12890811 
-0.28849518 -0.03174176 -0.17048217 -0.091965266 0.25442854 -0.25646782 0.12410521 0.0014611759 0.0063124625 -0.38502392 -0.046068694 -0.2681392 0.048608735 -0.20978348 -0.120305635 -0.075352415 0.17278348 0.23313291 -0.32084382 0.1760136 -0.10526825 -0.031107748 0.19242013 0.3058473 0.16190958 0.27180666 -0.22798602 -0.17614283 -0.04166934 -0.34157756 -0.18968378 0.23102842 0.04150777 0.3995951 -0.22180791 0.55789804 -0.24937773 0.18956903 0.11154944 -0.10822082 0.11422959 -0.15764481 0.059557617 0.44899756 -0.19044338 -0.010832388 -0.20328033 -0.31491902 0.110764235 0.1717282 
-0.1368418 0.0001570365 -0.3038931 0.2320971 -0.1290234 0.0011242874 0.094669774 0.06417877 0.2631866 0.13338363 -0.1537194 -0.08606437 0.3143823 0.122561544 -0.0035364034 -0.14458771 0.044878773 -0.0369986 -0.1369829 0.006000602 -0.1830462 -0.06402241 -0.17527534 -0.2879956 -0.23805572 -0.0011083271 0.3722872 0.2151796 0.0402708 -0.17704426 -0.07870304 -0.12766658 -0.0386014 0.3858667 0.06345706 0.27490118 -0.10689044 0.08203671 0.12797007 -0.08146954 0.09709583 -0.113342024 0.057641953 -0.13279869 0.022015123 -0.035791382 -0.14192079 0.25088376 0.048699997 0.08214468 
-0.14742652 -0.16376463 0.008077566 -0.008564274 0.18239798 0.19334057 0.22691624 0.1224445 0.007341433 -0.032670908 -0.15027648 0.41645664 -0.097212 -0.11687298 -0.09489781 0.28822064 0.050689965 0.17791992 -0.03795854 -0.49033916 -0.43380466 -0.12098448 -0.18618125 0.17895061 -0.26436317 0.075848535 0.007174475 -0.22666056 0.09929942 -0.18397553 -0.018933818 -0.14598155 -0.40994477 0.29611418 -0.28108275 0.33208227 -0.14595483 -0.0217676 -0.24884672 0.119778626 -0.05898065 -0.13153672 -0.11818378 -0.02801448 0.43985963 -0.08095542 -0.0760098 0.10468724 0.035275213 0.19137372 
0.22990283 -0.105893 0.23304625 0.018760486 0.21224752 0.18390606 -0.03148991 -0.32258394 -0.28251526 0.21357198 0.41208783 0.041023917 0.122757345 0.0041734404 0.40981537 -0.20190091 -0.058896206 -0.038361635 -0.042604074 0.16277754 0.19193254 0.18321247 -0.30029154 -0.42419583 0.16949081 -0.062565014 0.08351099 0.14433768 -0.14874358 0.08554217 0.18165246 0.05461279 0.06695469 -0.37022135 -0.14720905 0.11666998 -0.3489168 -0.20649928 0.1909064 0.028519075 0.1469455 -0.15246785 0.35768673 -0.1796193 -0.11010389 -0.06678383 -0.50002164 -0.004068361 -0.38515088 0.07296963 
0.23690844 0.022984123 -0.50129396 0.23709704 -0.17964566 0.33250102 0.14951794 0.17508636 -0.37277845 0.07233879 -0.22584534 0.39287496 0.051929854 -0.034453943 -0.3405499 0.09199522 0.12384218 -0.16559456 -0.11154712 0.22597009 0.26934478 -0.20582205 -0.30890864 -0.035612088 -0.082965806 0.33041552 0.11310968 -0.08575909 -0.25009683 0.42805722 -0.37666118 -0.08534576 0.04390194 0.030412288 -0.2927927 0.21489477 -0.13206112 0.39812735 0.04227245 0.0052889385 -0.08158095 0.057685975 -0.09482547 -0.051729005 0.016090192 0.31544825 -0.026431032 0.37829617 0.18300569 -0.19660878 
-0.01498389 -0.25707632 0.20175299 -0.3172667 -0.42079088 -0.23261383 0.02590491 -0.3899119 -0.09731481 0.14584899 -0.07364648 0.03770736 -0.48598546 0.21738249 0.05648757 0.015866313 -0.099220835 0.11314744 0.18427974 -0.28035957 0.19422938 -0.19750525 0.3687902 0.36617205 -0.08356939 0.38164458 0.53284436 -0.023036968 0.19641729 -0.35463506 0.07526041 0.089666955 -0.10605812 0.4357326 -0.47862622 0.1858693 0.007434895 0.3584576 0.10640351 -0.04908836 -0.24809697 0.17014109 -0.181774 -0.1598791 0.04019324 0.10348541 -0.18294984 -0.09648735 -0.051822558 0.65119874 
0.16033329 0.15029031 0.23383084 0.10940032 0.10392514 -0.0026971265 -0.46625832 -0.15562278 -0.114776015 -0.14424297 0.18497689 0.4244258 0.012193156 -0.42949978 0.22228025 -0.1787675 0.26821446 -0.06409925 0.2925408 -0.05359542 0.28161106 -0.012101054 0.13036837 -0.20769969 -0.08575603 0.13786608 0.046412732 0.080998994 0.13110776 0.15867685 0.15073319 0.014819867 -0.28387877 0.145047 0.41827178 0.20558985 0.08278137 0.09982468 -0.084284216 -0.15052356 0.24169849 -0.47626713 0.30101535 0.20183253 -0.06268866 -0.18841554 0.050936587 -0.1418451 -0.08927279 -0.25246224 
-0.010120917 -0.06770029 0.10594284 0.011378106 -0.050229117 0.0047424207 -0.024876755 -0.035495497 -0.08995171 -0.05452463 -0.041977823 -0.030835591 -0.011798481 0.035853285 -0.0122458385 -0.10424194 0.025537074 -0.007697623 0.06764301 -0.08832557 -0.050996717 0.073288426 -0.084461875 -0.0045713903 -0.053789053 0.10796137 0.031739026 0.095928006 -0.026952056 -0.08231906 0.0859844 -0.015743857 0.103286184 0.04508169 0.0045165606 -0.08006931 -0.09025168 -0.036954425 0.018801969 -0.05346115 0.0126188565 0.08273674 -0.026422285 0.012317582 0.11364781 -0.009351448 0.01942366 0.07815017 0.14207453 0.0104958955 
0.15601741 -0.04518247 -0.12316417 0.07410278 -0.32883817 -0.06882926 0.06565114 -0.16796666 0.030330125 -0.33829683 0.38173646 0.23142867 0.15376434 0.22125661 0.20945282 0.08970998 0.10809715 0.34158352 0.06677226 -0.28737772 0.2680638 0.16870315 -0.44816828 -0.29005325 -0.16834602 0.13201922 -0.27301237 -0.086941876 -0.0019887856 -0.025470058 0.008432641 -0.17686091 0.02764358 0.3608134 0.23750982 0.012681895 -0.654554 0.07322888 -0.16612878 -0.03777684 0.39839876 -0.023903254 -0.30238572 0.05512888 0.1654633 0.3423264 -0.2008875 0.12944612 -0.010264962 -0.3139926 
-0.23955715 0.09096601 0.20291963 -0.031548034 -0.11235302 -0.14268169 0.092032716 0.046902113 0.30998555 -0.08627309 0.035941757 -0.3545863 0.15716714 0.058322087 0.10429436 0.25916344 0.009463502 0.05295654 -0.02108993 0.018772908 0.04824691 0.0013715887 -0.35285774 -0.11230367 -0.007185333 -0.25641096 -0.26998666 -0.19725068 0.23063518 0.21331266 -0.47398904 -0.20076925 0.032362334 -0.19164594 -0.4253956 0.18719228 0.024863468 0.10794785 -0.3762104 0.13390431 -0.3951131 -0.15900217 0.34581032 -0.2302465 -0.40714553 0.15100381 0.12581156 -0.16181901 -0.52278066 0.2530589 
0.077571794 -0.057571776 
