-0.3554767 0.20585722 0.12378629 0.05565263 0.47811133 -0.028030956 0.15513623 -0.0126887085 -0.4542857 -0.21486022 0.6388826 0.15632206 0.027789656 0.16556351 -0.061410043 0.51740324 0.52419275 0.26297292 0.24914749 -0.2462948 -0.062310074 0.26808202 0.10762365 
-0.2990757 0.14658675 -0.02762963 -0.049118042 0.09126554 1.1266583 0.03829493 0.15111864 0.085406885 0.09048872 0.23994213 0.2184996 -0.19265288 0.23690876 -0.111004174 0.18349978 0.030872524 0.007390173 0.017470445 -0.035835758 -0.03518945 0.0747986 -0.117345236 
0.0006864501 -0.33048746 
-0.9770923 -1.3168035 
0.15031175 -0.40850168 
-1.9567312 -0.8563184 
0.08080468 0.52393377 
0.09630793 0.59199524 0.054071855 -0.040699292 
-0.14212911 -0.7988507 -1.031615 -0.18825863 
0.47837797 1.1892989 -0.46757337 -0.8359277 
-0.2120849 0.2320849 
