-0.20685722 0.13525206 -0.33963257 -0.30711004 -0.2313365 0.5921389 -0.42438754 -0.0033325744 0.3030945 -0.18075205 -0.21471816 0.19835871 -0.16696987 0.45297372 -0.033899177 -0.46721503 -0.07168238 -0.090876 0.03703088 0.27506664 -0.23073861 -0.35547727 -0.12915082 
0.1167204 0.07520149 0.22026385 -0.619257 0.18485485 0.2912964 -0.07922574 0.161649 -0.62923664 0.13433744 0.03692734 0.07023228 0.73249805 -0.3544854 -0.102290966 -0.25178987 0.34907925 -0.01750018 -0.2500638 0.19834162 -0.23402052 0.2692561 0.12052394 
-0.35686347 -0.008832409 -0.008965995 -0.051516507 -0.055553723 0.8731574 0.15975086 -0.18269573 0.05809015 0.10926169 0.4661523 0.047474124 -0.15909107 -0.006246112 -0.12472602 0.090797275 -0.043350566 -0.20271258 -0.12788075 0.30706018 -0.1283698 0.13984208 0.015964625 
0.19589931 0.28074577 -0.012699383 -0.14391246 0.39403722 -0.18294176 -0.5700699 0.24371108 0.37370026 0.30912226 0.5206701 0.07578886 -0.18705602 0.33647662 -0.23004007 0.44104058 -0.08227913 0.071494445 0.15177093 0.2911049 0.3061058 0.087253995 -0.18297957 
0.3874378 -0.33325955 -0.17359108 0.20208217 -0.24360114 -0.076067075 -0.33424872 0.029424166 -0.16839747 0.30769518 0.26964638 0.06953823 0.01527255 0.12759314 0.19413717 -0.4092187 0.07799342 0.41463503 -0.32439587 0.04720841 -0.17327265 -0.23667571 0.32100034 
-0.6201842 0.0014772502 0.25608212 -0.062283553 0.26510572 0.26554647 -0.3785877 0.7046478 -0.5391215 -0.28102008 -0.26738614 0.05705094 -0.080437385 0.035399538 -0.26484185 0.44654205 0.40986207 0.4462039 0.15752818 -0.48396587 -0.018767258 0.07323294 0.09431271 
0.13000129 0.13440913 0.14882167 -0.23381376 -0.3321831 0.01888162 0.26877287 -0.13573226 -0.09057865 0.11230378 0.031936213 0.4541673 0.12293297 0.03817641 0.13829446 -0.041110475 0.06765884 0.11751059 -0.061089568 -0.26992348 0.15131752 -0.26810667 0.23964037 
-0.13828373 0.36020473 0.31451708 0.22544342 0.50808966 0.059667613 0.114474386 -0.058393598 -0.33354756 0.28903392 0.115011886 0.5605344 -0.051684327 0.04256098 -0.12794648 0.18806054 -0.64413226 0.20845552 -0.16756901 0.2164239 0.21724474 -0.071396105 0.064985305 
0.4482399 -0.30928257 -0.08392421 -0.13877119 -0.18921632 0.33679378 0.10559031 0.35901168 0.19003981 0.20824055 0.067389905 -0.094354264 0.0881064 0.31890103 0.23606662 -0.045323655 -0.27547902 -0.26605332 0.1244466 -0.038892765 -0.3029499 0.012253497 0.013656058 
-0.13047644 -0.29621765 0.26283127 0.3009644 -0.4469294 0.27919215 -0.12962502 -0.120849326 -0.049745224 0.14825559 -0.3964266 0.013670941 0.05393484 -0.46560538 0.17861995 0.20538838 0.02304925 0.06970022 0.30755094 0.03491818 0.30065978 0.0148901325 0.22838306 
0.15672775 0.11756525 0.21145223 0.11715582 0.07912978 0.506985 0.32578653 -0.16048302 0.21743366 0.52214986 -0.042253915 0.24008788 -0.30892238 0.20349905 0.26045436 -0.029047271 0.04246821 0.29365358 -0.038634054 0.004885485 0.10103475 -0.07879468 -0.2030292 
-0.4876667 -0.29276308 0.36687955 0.20223294 0.015729962 -0.19326007 -0.7584184 0.09791583 0.34179905 -0.31684735 0.24924652 -0.100054406 0.41011658 0.31591454 -0.16256294 -0.3724693 0.056140717 0.39619192 -0.34844163 -0.31754705 0.18576853 0.16181941 -0.15628627 
-0.1357017 -0.05318193 0.1074379 0.30111665 -0.2842533 0.60563827 -0.0340165 -0.084768616 -0.12663174 0.18394797 -0.1384523 0.41936398 0.21498787 0.028202813 -0.267821 -0.24711588 0.32079315 -0.09071906 0.2890518 -0.04407296 0.5292437 0.13209933 0.36825436 
-0.019730812 -0.40101185 0.024372915 -0.025058886 0.24792916 -0.21783145 0.23780273 -0.21986583 0.35039565 -0.09311906 -0.4845394 -0.13861263 -0.053618085 0.09917634 0.07431122 -0.2537341 -0.1718691 -0.76813173 0.03040086 0.018628065 0.25329804 -0.24278346 0.6118238 
0.0033556798 0.2331262 0.18892163 -0.30407912 0.22550125 0.005094954 -0.24405032 0.22666982 0.14856622 -0.3375856 -0.056259874 0.09829502 0.30358317 0.12395901 0.08072224 -0.17633791 0.3830938 -0.061263926 -0.17859823 0.38526812 -0.07600469 -0.06695895 -0.2854913 
-0.024329925 0.51521426 0.009881332 -0.42499703 -0.15239334 0.3178166 0.5806942 -0.0009155857 0.38522157 -0.6522889 -0.1965473 0.05680265 0.55933404 0.18791455 0.4028029 -0.075746335 0.2597929 -0.6142477 -0.56703174 0.13532694 -0.0752394 -0.22154027 -0.20200658 
0.22622536 0.014367478 0.20785053 -0.30807915 -0.040196538 -0.5632376 -0.70094204 0.21859264 0.1886352 -0.24841523 -0.09125501 0.26609 0.25593114 0.3822236 -0.31070128 0.24872808 -0.5169687 -0.4113082 0.22031923 -0.19787432 -0.0064272597 -0.3027634 -0.20084669 
-0.38007954 0.07764097 -0.38465437 -0.03774208 -0.2015928 0.17358303 -0.5669705 0.42449123 0.027248193 0.13241164 -0.25613725 -0.008697925 -0.1780866 -0.29918712 -0.37844914 0.14316699 -0.017726697 0.1857068 0.27192935 -0.29847524 0.07217691 -0.3724972 0.64972883 
0.0070463708 0.42912325 -0.28517765 0.37052673 -0.28689647 -0.08465116 0.29817122 -0.17218356 0.5482465 -0.13362737 -0.2813578 -0.010857455 0.48006213 0.37453717 -0.3725577 -0.33052704 0.15653978 -0.26165384 0.033152908 -0.064025804 -0.39987233 0.3737778 -0.18957062 
-0.5394119 0.09916625 0.07204335 -0.009640771 0.18187429 -0.12450811 -0.24890506 0.14937767 -0.37225062 -0.94840544 0.6347142 -0.09979681 0.8324915 0.34533054 0.008315897 -0.028709311 0.13859327 -0.060428888 0.26079062 -0.1709982 0.47647196 0.018626565 0.53148484 
0.041241776 0.23197976 0.52023506 0.17796393 0.11904719 0.23397844 -0.08641183 0.5059572 -0.2984661 -0.4625931 -0.33290973 0.0694927 0.0059133987 0.20107366 0.23451498 -0.27414155 0.21462044 0.46657026 0.0033074624 0.36548707 0.37340182 0.17728002 0.46400315 
-0.013838729 0.19724394 0.2765612 -0.34725028 -0.3226613 0.09392466 0.21134523 0.07780606 -0.26325125 -0.1329831 0.07252068 -0.28126657 -0.27721432 -0.20462368 -0.37971845 0.42512012 0.8744713 -0.43915436 -0.1893773 -0.16750279 0.27672306 0.030030373 0.13824534 
-0.43373656 0.27519375 -0.09735256 0.25465113 -0.067168675 -0.032845836 -0.19872329 -0.16956747 0.1247838 -0.01431332 -0.01824216 0.4295271 -0.11552048 0.3525971 0.29413262 -0.23949333 -0.16367355 -0.025370583 -0.006434052 -0.19118282 0.15270925 -0.34684998 0.039954092 
0.72696394 0.0940429 0.23683809 0.5134125 0.14701684 -0.24955921 -0.19788711 0.06836915 -0.23161577 0.2636533 -0.2332305 -0.07087163 -0.33063525 0.60146505 -0.017085763 0.078346774 -0.21808395 0.26574865 0.11159454 -0.16417062 0.49299446 0.25233188 -0.0103593785 
-0.028812777 0.04240741 -0.17078808 -0.037880026 0.40884742 0.07122183 -0.08547033 0.29403222 -0.6855713 0.18577081 -0.060899284 0.16276623 -0.077578574 0.5647943 -0.08466998 -0.1553026 0.3720397 -0.15903431 -0.34998295 -0.3740763 -0.34196758 -0.2604399 0.044981778 
0.18727438 0.1690522 -0.2940708 0.29561406 0.1480822 -0.062425513 0.3383132 -0.1600928 -0.33660004 -0.2888861 0.35829604 0.06390536 -0.43720314 -0.4258697 -0.20347047 -0.61845833 -0.0343046 -0.1069344 0.020281317 0.4078932 0.14357026 -0.28921375 -0.054565564 
0.053824093 0.060633115 -0.10013268 0.054936234 0.14310274 0.6343324 0.16364187 -0.25934273 -0.5399011 0.1532451 -0.19603227 -0.31407464 0.18178616 0.2349819 -0.39538273 -0.10423656 0.10982005 -0.68791264 -0.23556739 0.231218 0.28915027 0.29277137 0.37583244 
-0.25546178 -0.5012755 0.12481627 -0.23171833 0.2413285 0.25977975 0.22986822 0.27921218 -0.17554809 -0.36623853 0.3489245 0.60211974 0.15574819 0.35470384 0.114000924 -0.3238851 0.6570535 0.21738632 0.1828552 -0.20543775 0.5700671 0.19648293 0.27323642 
0.3785928 -0.0034630434 -0.09026568 0.12501042 -0.052168112 0.38574076 0.31639445 -0.14800632 0.3237526 0.60872257 -0.63393104 -0.042129178 0.016053073 -0.20473602 -0.24228111 -0.4077116 -0.102621585 -0.14894496 -0.58416986 0.19554546 -0.05991198 0.007483907 -0.09294992 
0.513166 -0.49750924 -0.5613553 0.19949372 -0.12897868 -0.24527866 0.17222965 -0.3311815 0.1491357 0.20112556 0.22881822 -0.30235794 -0.07131709 -0.033212606 -0.33504736 -0.62037385 0.54293114 0.15504818 0.026665302 0.21564966 0.33768338 0.20085992 0.3118565 
0.2607598 -0.007493721 0.03483792 0.57672673 0.48584893 0.38740408 0.021755157 -0.80828226 0.3734941 -0.22462887 -0.031375613 0.2084913 0.04763528 -0.11971492 -0.6454842 0.08526414 0.51302886 -0.05003941 -0.07927355 -0.52333593 0.28197336 0.23838772 -0.37172362 
-0.016427966 0.250839 -0.13942404 0.08622182 -0.10078238 -0.44913462 0.4023864 0.3660224 0.0067150383 -0.43834254 0.0940247 -0.41492856 0.641101 0.105717614 -0.048891023 -0.11802283 0.26176727 -0.3838391 -0.29078153 0.24140246 -0.54158664 -0.23143794 0.0698586 
-0.20806947 -0.10858013 -0.7192123 -0.48013043 0.0802305 0.29665694 0.43441978 0.16196978 -0.34903458 -0.32710963 0.4771865 -0.012206992 0.17380463 -0.18780698 -0.32262602 0.5773014 -0.11997423 0.5327933 -0.071366996 0.52492106 0.023180494 0.17043404 0.24821232 
-0.5313183 0.033632938 -0.26728284 -0.059421536 -0.028379709 0.052379686 -0.18343903 -0.05508539 0.6232845 -0.24662387 -0.28968412 -0.06709839 -0.17098297 0.13717501 0.17637566 -0.1531347 -0.28391472 0.035762236 0.32937974 0.72118527 -0.2371261 -0.027132861 0.02419286 
0.093262136 -0.23657888 -0.40568596 -0.22055511 0.4516592 0.29701427 0.18926466 -0.07019405 -0.31294674 0.2678798 -0.1836119 0.12696639 -0.3933452 -0.15147145 -0.2503024 0.094433494 -0.13698815 0.38218406 0.06641275 0.18650252 0.24017744 -0.017749758 -0.08691447 
0.4541964 0.049684133 -0.05779752 -0.15059887 0.14229362 -0.3276627 -0.16228038 0.1222374 -0.03477891 0.46364516 0.18387325 -0.48334923 -0.18047772 -0.20375767 -0.30949354 -0.26047912 0.34548894 0.1530155 -0.4137895 -0.3534453 -0.22422165 -0.004322754 -0.085264355 
-0.06966982 -0.4364614 -0.567533 0.16504142 0.43400294 -0.27172735 0.33134705 0.3911866 -0.05645409 0.12743773 0.23011492 -0.016948368 0.04748945 0.13675095 -0.34304184 0.5703995 -0.16440096 -0.39785966 0.24819668 -0.017254995 0.30232728 0.034353875 -0.07470197 
0.11067829 0.6410687 -0.28832254 -0.13781022 -0.24082573 -0.33426914 0.0059180628 -0.36562565 -0.005571738 -0.17520608 -0.3885169 0.44019374 0.55977345 -0.76663315 0.3613679 -0.50069344 -0.3654295 0.4030879 -0.17843367 -0.3795175 0.3379615 0.038432635 -0.108846396 
-0.2947695 -0.06921297 -0.6487536 0.08140168 0.050820485 0.16002293 0.2844383 0.19897102 -0.38855666 0.50602573 -0.032160006 -0.027225684 0.7562896 -0.2121863 -0.10369679 0.004131714 0.39202872 0.43236828 -0.024315778 -0.1340596 -0.34151718 -0.075366765 0.31564984 
0.002910026 -0.2852814 -0.13356917 -0.56491315 -0.17983061 -0.32941136 0.017197486 0.47908676 -0.0528373 -0.11149769 -0.37481537 0.06610406 0.035512388 0.071682744 -0.16749673 0.1610355 -0.370003 -0.30674398 0.49623856 -0.08603019 -0.17635284 0.21949458 -0.37343928 
-0.12967128 -0.012527593 -0.43320554 0.06682682 0.18025604 0.58398014 -0.009542972 0.27886176 0.50214666 -0.13319223 0.6303881 -0.13998426 0.40562737 0.39392072 0.2735576 -0.0543559 0.105775595 0.31476137 -0.7477295 -0.043180056 -0.07310382 0.44893774 0.7607338 
-0.18468526 0.09561704 -0.07831098 -0.10249237 0.13515723 0.005178276 -0.34660062 0.12628053 -0.016179437 0.38248497 -0.17665201 -0.7646304 -0.23163112 0.10772637 0.25955012 -0.06539248 0.20952165 0.11527227 0.17962119 0.07746185 -0.007580227 0.54449093 0.19243358 
-0.36511642 -0.43355253 -0.25795954 -0.27693775 -0.022374174 -0.17194639 -0.42281735 -0.37739393 0.18670642 -0.09752259 0.01838356 0.19561625 -0.7347623 0.1325965 -0.13712953 0.03778233 -0.026179701 -0.021134311 -0.11307892 0.12696284 -0.15377814 0.16019864 -0.149398 
-0.04586095 0.1309333 0.32937974 0.49398035 0.018854242 0.24252291 -0.11305417 0.42161337 0.21745807 -0.14512582 0.28590098 -0.057928953 -0.1361741 0.2707328 0.1200492 -0.27866027 -0.28282538 0.23153828 -0.49763727 0.099419884 -0.29848298 -0.6933514 -0.33723688 
-0.103029154 -0.14127545 -0.2356082 -0.070626885 0.14904794 0.22411896 0.15047191 0.21759948 0.06345405 0.35232383 -0.48548955 -0.5647736 -0.09005207 0.0725483 -0.03693998 0.42780423 -0.06759556 -0.10279099 0.20167495 0.29701644 -0.17663951 0.59442747 0.3267102 
-0.017356932 0.31555536 -0.21714026 -0.08665431 -0.037604034 -0.22110042 0.57561463 0.270449 -0.10908123 0.13517754 0.014910177 0.34331214 -0.05874317 -0.15013954 0.14871313 -0.072735436 0.519928 -0.3035511 0.086489744 0.18345791 -0.19539115 0.5369619 0.0069068456 
0.16197017 0.16654846 -0.15543865 0.3779904 0.22536404 -0.100214384 0.00815614 0.27230403 -0.045196176 -0.2194812 -0.030295469 0.09073159 0.365618 -0.50327194 0.5080418 0.40499455 0.12519091 0.12084899 0.03674292 0.0480945 -0.23854086 -0.26959097 -0.41842765 
0.3823752 -0.35407317 -0.06237375 0.0809522 0.20891342 0.32140607 -0.20978056 -0.712041 -0.39490247 0.4996023 0.622516 -0.44941923 -0.07581144 -0.2238961 -0.35434034 -0.02412426 -0.12164017 -0.37656567 -0.29888 0.43290478 0.06198576 -0.04853486 -0.13175899 
0.3204737 -0.43294576 0.25998238 -0.39703137 0.39494458 -0.13718285 -0.34403995 -0.13156502 -0.42675248 0.1155732 0.3302208 0.27297825 -0.38130456 0.5922452 0.15971638 -0.075237796 -0.32335007 0.2087818 0.07759748 -0.21641155 0.30216694 -0.35377347 -0.19819173 
0.6886105 -0.42732698 0.2933039 -0.14166209 -0.059807353 0.015328169 0.10013097 0.40706533 -0.19688769 -0.21881264 0.12253734 0.19687453 -0.6314988 0.03881265 0.08119792 0.089558885 0.16421215 0.014518151 0.05652256 -0.52876437 -0.10150485 0.06647252 -0.043306418 
-0.03379791 0.08201352 -0.0036071572 0.11345293 0.07184903 -0.06526494 0.10352847 0.05368241 0.014854579 0.05507558 -0.17636806 0.024660371 -0.05236236 0.017553221 0.026586598 -0.09035875 0.011448688 0.030223513 0.08692591 0.002825455 -0.05803498 0.012777019 0.08476586 0.19624254 -0.031143071 0.030239927 -0.066301964 -0.0029746357 -0.027437199 0.09106377 -0.107064605 -0.0031619654 -0.08588161 -0.01788715 0.0062677367 -0.072455384 -0.022649001 0.04086023 0.017730681 -0.030150078 -0.015901167 8.017232e-05 0.09288259 -0.010149977 -0.026233504 -0.046354447 0.14959338 -0.023902742 0.040379964 0.08470345 
0.21159154 -0.6161824 0.19445844 0.033064235 -0.25284043 -0.07911301 -0.11855538 0.47903824 0.2523717 0.18727598 -0.16621493 0.13654381 0.23312892 0.29488888 0.20419973 -0.23339762 -0.015954223 -0.11114147 -0.14286573 0.17714834 -0.21213818 -0.0410434 -0.08870429 0.29983398 -0.38017794 0.029087642 0.051326353 -0.02812735 -0.016473534 -0.14362614 0.016660811 -0.27522853 -0.17833798 0.16934882 0.31899822 -0.15845549 0.06751563 -0.055970456 -0.09501104 -0.13602328 0.18697429 -0.17820022 0.00897227 -0.33228648 -0.008764455 -0.32371336 -0.067482084 0.19513617 -0.34142107 -0.29922125 
-0.27590564 -0.07861985 0.110940054 -0.33875778 -0.19164295 -0.23896928 -0.08656291 0.46603915 0.24085641 -0.03367183 -0.15405864 0.37690687 0.14934884 -0.1844405 -0.052295707 0.028451504 0.38501626 -0.1131626 -0.1306556 0.22460103 -0.389602 -0.2581298 -0.18160549 0.44346598 -0.011295331 0.2016431 -0.061394837 -0.12804762 -0.29132783 0.15306057 0.068145886 0.18815137 0.11034839 -0.12555048 -0.27319503 0.33633453 -0.22488022 -0.023183253 0.13528748 -0.09591381 -0.042119183 0.08234124 -0.031175036 -0.124606594 0.36396182 -0.32586065 -0.012804106 -0.33200774 -0.29085392 0.2844111 
0.37409532 0.04182672 -0.38771507 0.05948476 0.22742568 -0.19960783 0.13154058 0.5713426 0.14447078 0.04966024 -0.15059388 -0.2099459 -0.3874555 -0.16907042 0.5103002 0.008702029 0.09860112 0.14940321 -0.052074134 0.4636193 -0.17821638 0.29026315 -0.2014538 -0.07426849 -0.08290392 -0.21814977 -0.022421522 -0.18531309 0.06926657 0.21661158 -0.29083538 -0.12777157 0.085881636 -0.39326534 0.123492844 0.28987634 -0.2576918 0.15711361 0.07196498 -0.02337055 -0.12664619 0.37852052 -0.10611841 0.13636659 0.20752987 -0.28772208 -0.18878208 0.10461499 -0.12578465 -0.0022356275 
0.12998731 0.040581644 -0.13425907 0.19990133 0.07399774 -0.10314456 -0.08734537 -0.25109416 -0.257675 0.1846912 0.23660451 0.39254683 0.11346604 -0.13180594 -0.19416332 -0.21335167 0.19218361 -0.049714196 0.13322414 -0.27829581 -0.085078135 0.1918924 0.3559949 0.13008492 -0.032805044 0.35311076 0.030191703 -0.031317424 0.24950655 0.25878268 -0.06755434 0.10654143 -0.17034589 -0.3909549 -0.282534 0.059480317 0.18727316 -0.23427205 0.27529758 -0.21625334 0.18380804 0.018091502 -0.0025357152 -0.12681276 0.22508992 0.008887098 -0.18670037 0.35031134 -0.3936853 0.37643564 
0.15408097 -0.021014411 0.24880038 -0.003191257 -0.1226513 -0.11506452 0.16497111 -0.020954851 -0.15878677 0.018846331 0.3112773 -0.093319714 0.11474587 -0.035448402 -0.19354984 -0.05537169 0.2606445 -0.43335915 -0.055554606 0.118037604 -0.069687866 0.021075979 0.16944548 0.058829404 -0.07329891 0.06482385 0.29555568 -0.072555766 0.29890683 0.008158742 0.009757913 0.049662862 0.051878534 0.26579973 0.13579395 0.12444974 0.24265881 -0.18131433 0.101325884 -0.31595138 -0.17782411 0.1912849 0.06714745 -0.1232985 0.2676935 0.09360317 -0.096549906 0.4503684 0.18001258 -0.12556416 
-0.20402518 0.13860147 0.16489717 -0.053019922 -0.025829706 -0.07904662 0.02506882 -0.30726445 0.093416385 -0.17644417 0.016237993 0.039677065 0.1570235 0.56445897 0.02177688 0.15826666 0.01326638 -0.08754765 0.13705799 -0.08833289 -0.22315633 -0.17705113 0.07467031 0.1545271 -0.1566943 -0.25266203 -0.058905732 -0.19083804 0.0012868828 0.09398463 -0.39002743 0.5138182 0.0055702124 0.09231117 0.17457627 -0.065338604 0.42258704 0.092278354 -0.17719701 -0.22517812 -0.12931646 -0.12670586 0.07877834 0.0015033841 0.13008615 -0.18200539 0.01230321 -0.27255416 0.16096254 0.091075644 
-0.3738294 -0.14095695 -0.021052627 -0.093206026 0.11733653 0.23964883 0.15147103 -0.11258513 0.17970419 0.058053643 0.083686575 -0.100632414 -0.15238702 -0.044300698 -0.09723187 0.12835367 -0.0658635 -0.16286717 0.25259602 0.2544587 -0.2572708 -0.13833228 0.37623003 -0.0057563502 0.36412433 0.2716698 -0.30616957 0.1304145 -0.16903253 -0.21671294 -0.089791276 0.07753683 0.13134474 0.09049605 -0.07941887 0.11317392 0.18113856 -0.17050251 -0.07847531 -0.017950851 0.2415936 -0.0054825903 -0.118664384 -0.098811924 0.004370925 -0.11134681 0.23608348 0.1344548 -0.29919225 0.04168668 
-0.059682075 0.23308672 0.04254078 -0.094488166 0.56667286 0.14098352 0.04586534 -0.007265673 0.24909073 0.2987412 -0.30430746 -0.45948675 -0.0104954755 0.14814071 0.02635207 0.11783503 -0.14357059 0.27702007 -0.010570622 0.32531893 -0.2878075 -0.45480224 -0.45334488 -0.18989241 0.025304355 0.23740688 -0.33173597 -0.07569496 -0.002014782 0.46830067 0.34831226 0.61675674 -0.16373326 0.08326136 -0.098696046 -0.16513915 -0.08513466 0.011979094 0.14147362 -0.013437839 -0.20819922 0.15845913 0.50639606 0.17511742 0.09081117 -0.11618207 0.107466176 0.020115664 0.0010272192 0.14125907 
0.36250833 0.08473007 -0.2773683 0.2779265 0.02967976 -0.12739785 0.009082736 -0.22327468 0.20922287 0.100230895 -0.41569355 -0.29499424 0.15859006 0.35978347 0.11011462 0.060383692 0.06650475 -0.17601763 -0.18597782 0.23258042 0.0011184441 0.16539153 0.24273263 -0.23830102 -0.08124749 -0.02549271 -0.00912587 -0.52023745 -0.28643078 -0.13259959 -0.31803355 0.28739733 -0.17337218 -0.23617788 0.012421905 0.47029743 -0.45714802 -0.23516113 -0.11884684 0.12633075 0.37414628 0.16997838 0.6754486 -0.5557673 -0.17998081 0.27385396 0.3838775 0.031323854 0.17548366 0.25647765 
0.10182552 -0.10769738 0.02817898 0.042931873 0.096284136 0.12680736 -0.19946307 0.38167328 0.34634262 -0.39731097 -0.42048472 0.32530808 -0.2452474 0.036840446 0.32256114 -0.25606737 -0.20781945 -0.08207141 0.11749124 -0.08983921 -0.27954453 -0.0048972373 -0.06603429 0.22470495 0.16743656 -0.058664497 -0.11143571 0.41740006 -0.0055481177 0.17954451 -0.13318428 -0.11332328 0.23333523 0.27449164 -0.07437785 -0.3179368 -0.026461871 -0.022276001 0.026349071 -0.12873513 0.03186477 -0.18688136 0.05863738 -0.042171706 -0.41916305 -0.19768059 0.05962228 0.0635474 0.049361452 0.064343475 
0.11327694 -0.081702545 -0.15847397 0.15102686 -0.15303022 -0.083402865 -0.01817734 0.09264089 0.15578435 -0.04347827 0.15534724 -0.07755305 0.103196494 0.09986194 -0.09875376 -0.08546455 0.06107659 0.1507378 0.023953056 0.38737068 0.0006039523 -0.5156384 -0.0016487287 0.09183348 0.20286764 -0.014234166 0.1339859 0.13857615 -0.44855636 0.1171486 -0.3476157 0.16338505 -0.062093403 0.13615926 -0.4028003 0.42165855 0.021417465 -0.1635988 -0.012712634 0.042614676 -0.38830814 0.13363409 -0.041390453 0.13324568 0.07359492 -0.12581053 0.20877737 0.008494074 0.103472866 2.9048242e-05 
0.063185796 0.14653105 0.09247381 0.19651817 -0.0026861513 -0.036253825 0.20636065 0.047535494 0.03433522 0.011322438 -0.15962735 -0.1652991 -0.026512353 0.06916915 -0.42594382 0.35892373 -0.09897597 0.13052782 -0.050690345 -0.2877121 0.13075238 -0.11105503 -0.016947608 0.14387898 -0.07686502 -0.041807007 -0.28016758 0.040491737 -0.15454571 0.20869501 -0.06840578 -0.047831375 -0.100821376 0.110470675 -0.0808142 -0.035121795 -0.08697675 0.021835947 0.01027887 0.16187337 -0.15597804 0.07473711 -0.14330378 -0.2108251 -0.122877 -0.039733585 0.063039646 -0.18576102 0.010458136 0.19824412 
-0.005030213 -0.11984985 -0.38292253 -0.16607487 -0.22041771 0.10533749 0.0884997 -0.13346906 0.0077330223 0.23716053 0.35370272 -0.30876958 0.28979665 -0.09863288 -0.010575321 0.03778729 0.45036048 -0.28205287 -0.11450598 -0.07109146 0.32669154 0.4615474 -0.08332672 -0.023459725 0.21335562 -0.16716757 -0.6121202 0.027435506 0.1411648 -0.15090404 -0.16238628 0.01929857 -0.17082348 0.05523218 -0.044407662 0.4262881 -0.00091294374 -0.080741175 0.292452 0.081993 0.07738883 0.21613605 -0.1641198 0.03579402 -0.15788321 -0.066955015 -0.1808956 -0.1112876 -0.39401564 -0.10730435 
-0.18080987 -0.011576658 -0.09136464 0.11971893 -0.29979444 -0.046559934 -0.33309126 -0.2464432 -0.12909621 0.23508276 -0.11933708 0.20623413 -0.4749501 -0.40508145 -0.045891628 0.11844666 -0.22569475 0.057442553 0.03737859 -0.12124815 -0.1864441 -0.009642388 0.05877551 -0.0862656 -0.27913004 -0.026831904 0.101793595 0.06010336 0.2191359 -0.28339857 -0.03819541 -0.14063565 0.053920444 0.07627732 -0.15290998 0.07958626 0.05166133 -0.09652288 0.08389838 -0.18927482 -0.101055 0.10088154 0.39261058 -0.12738043 -0.06431625 -0.20257364 0.074444674 -0.12249201 0.008296852 -0.16136785 
0.042111482 -0.003500806 -0.13576546 -0.108250365 -0.15187155 -0.42285573 0.09972941 -0.0933378 0.21176538 -0.06368303 -0.32666814 0.23778163 -0.046221625 0.3489125 0.022013927 -0.5308381 -0.20014374 -0.32888967 0.20434944 0.10256743 0.053891376 -0.2188919 0.057069596 0.00981639 0.014028504 -0.25377497 0.29440206 -0.28272626 0.28235617 -0.26719308 -0.074497476 -0.44711468 0.17216964 -0.079441965 0.35959715 0.13516286 0.084773734 -0.027430749 0.5196804 0.0074063134 0.11048275 0.07334767 0.13367964 -0.083904035 0.08966512 0.33761153 0.3153598 0.010271395 0.12895143 0.16847955 
-0.04748472 -0.49624106 0.049236063 0.11139176 0.08478267 0.0070093763 0.041132797 0.060538042 -0.009276293 0.26012036 0.32847276 0.40209198 0.26337683 0.27616206 0.11380144 0.29211095 0.070235126 0.037756365 0.14670557 0.042590026 0.011813688 -0.005354278 0.13421202 -0.3005035 -0.32893938 0.03303564 -0.4266798 0.3222931 0.019696899 0.0068266755 0.034312814 0.0061111515 -0.33275282 -0.18377453 -0.04559637 -0.014160829 -0.15334205 -0.028772349 0.26823938 0.039679606 -0.39139172 -0.01672868 0.0793005 -0.13790041 0.1722365 0.27685344 0.042570364 -0.095552936 0.041300327 -0.045018435 
-0.20639135 -0.0064891386 -0.10995291 -0.3461482 0.096051134 0.11166151 -0.16072382 -0.116425544 -0.16321778 0.063763745 -0.14924847 -0.13669664 0.112130366 0.12600128 -0.30194154 0.14292958 0.16504988 0.17172784 0.16960056 0.12320228 -0.16465625 -0.22491544 -0.39955685 -0.11053541 0.2710865 -0.17840938 -0.07138792 -0.16139595 -0.03200549 -0.21140161 -0.06789335 0.2584816 0.0037179384 -0.18477662 -0.23232535 -0.10987238 0.04173848 0.24012123 -0.2718193 0.19184299 0.008295701 0.08402067 0.3212196 0.2876381 0.3113609 0.28066012 -0.26903966 -0.059441462 -0.21481761 -0.2743967 
-0.22290166 0.10047324 -0.061131652 0.2887193 0.0440013 0.1808418 -0.16499673 0.13494723 0.026250323 -0.13750541 0.1966734 -0.025539357 0.26023093 -0.077743955 -0.20442575 -0.116883405 -0.18751645 -0.19565788 0.14419693 -0.0015892596 -0.17770647 -0.3533833 -0.23848592 0.30371025 -0.1584048 0.007342072 0.041167248 -0.0010169549 -0.35759813 0.44122797 -0.01870755 -0.1369752 0.20199373 0.11318657 -0.071483105 -0.19415013 -0.42860264 -0.44523302 -0.1982625 -0.077133246 -0.20583172 -0.05446479 -0.1995004 -0.27071047 -0.37332627 -0.13975333 0.35994986 0.11848483 -0.05212407 -0.14992374 
-0.057737548 -0.18173176 -0.23260507 -0.06114498 0.094652876 0.2656275 -0.063318945 0.0019519086 0.047706883 -0.12603976 0.12282544 0.1631952 0.035916563 -0.11053212 0.03555881 0.009717563 -0.15427376 0.28282294 -0.53194195 -0.19987626 -0.1695002 -0.1482003 0.03906011 0.009241081 0.107904665 0.14349121 -0.27798304 -0.16201676 0.029534385 -0.095974475 -0.07399269 0.4164023 -0.09098004 -0.11704311 -0.5041143 -0.12737769 -0.0948875 0.15850341 -0.002276959 -0.5911738 -0.3781864 -0.05901659 0.17562355 -0.0008061984 -0.18646343 0.09246139 0.026403498 -0.1133773 -0.09956411 -0.21702132 
0.16966754 -0.30219212 -0.40841588 0.14332983 -0.18443912 0.28469473 -0.13633999 -0.031956997 -0.22072855 0.31889746 -0.19787185 -0.122312345 -0.06833301 0.050611198 0.34053406 -0.20233253 -0.23700275 0.05948666 0.034103416 0.13213454 0.23691198 -0.11184828 0.10101576 -0.049619097 0.051562037 0.1254975 -0.11889889 -0.31631142 -0.3357755 0.1710007 0.34920314 0.10781005 -0.13751143 0.437785 0.36398497 -0.20676452 -0.019961298 -0.1602128 -0.08526833 0.18464972 -0.048255574 0.29492444 -0.30240318 -0.5557874 0.17239332 -0.11431108 0.04771503 0.19740738 -0.13357382 -0.0124436645 
0.1683836 -0.02610621 0.098955646 -0.2896618 -0.14171207 0.14738722 -0.39283013 0.039996937 0.25558195 -0.006374713 0.12663557 -0.12614262 0.42976022 -0.09053475 0.21864785 0.23602548 -0.5513525 -0.00045634297 -0.4404546 0.14455408 0.3222387 -0.07105512 -0.08728543 -0.1046385 -0.1318609 0.36331093 0.16750199 0.21394071 -0.2819763 0.046529613 -0.03982178 -0.089157276 0.053204026 -0.02610575 -0.24156068 0.112464845 0.113516666 -0.25034702 0.27659896 0.12293302 0.24607721 -0.13837685 -0.3273807 0.0041241697 0.047831398 0.35119042 -0.20514858 -0.280707 -0.27197403 0.41979212 
-0.4428468 -0.104021095 0.014945605 -0.14549692 -0.07328333 0.38211456 0.014104674 0.23718965 -0.035288423 -0.0052196695 -0.10587117 0.031489965 -0.076731384 0.1595723 0.03197465 0.32637858 -0.04531401 0.3214573 0.14364423 -0.20706627 0.21923359 -0.58257496 0.1445472 -0.41398972 -0.3412351 -0.19726393 -0.20909843 -0.38042796 -0.3084548 -0.047095966 -0.073097445 0.047714427 -0.6701114 0.1564496 0.060536947 -0.010962918 -0.071716964 -0.23027572 0.092474505 -0.40458536 0.07972653 -0.2798061 0.34563458 0.2364205 -0.07670498 0.02171086 0.37457988 -0.020901619 0.111504175 -0.46250942 
0.106379844 0.0920115 0.24140006 -0.18064803 -0.42760542 -0.057791054 0.1071303 0.22497194 0.11855487 -0.09591386 0.24685809 0.07274799 -0.046294168 -0.11035685 -0.08312338 0.08156652 -0.1509271 -0.04936029 -0.12944221 -0.0017022153 0.1017286 0.12656626 0.16366161 0.0076827644 0.042752802 0.06811847 -0.2420311 -0.20645475 -0.16212668 -0.122062184 0.087930575 0.37555018 0.08762246 -0.43889308 -0.20397466 -0.524471 0.27678117 -0.055671833 0.28998253 -0.06339711 0.25102141 -0.0628235 -0.005155517 -0.025559038 -0.072017916 0.19371498 -0.10753456 0.11870626 0.23876987 0.0025304856 
-0.13479923 0.3544738 -0.35799664 0.13278176 -0.030643959 -0.06530693 -0.0004597864 0.016557874 -0.1442419 0.122116916 0.38244238 -0.05864754 -0.18415183 -0.16975182 0.1255841 -0.40697232 -0.07607575 -0.15639894 -0.19690232 0.3087727 0.28481665 0.30718052 -0.04550992 0.13936403 -0.10065143 -0.16904794 0.047914166 -0.22641006 0.2841742 0.13035932 -0.022083158 -0.24375416 0.0592985 -0.20604351 -0.36836347 -0.26195017 0.16438816 -0.0068925885 0.015359466 0.1701276 -0.37627548 -0.10919351 0.2498244 0.05876734 -0.023054084 -0.2719578 0.47880086 0.07681562 0.15563576 0.23763752 
0.07365633 -0.0010437156 0.03769469 0.26623562 0.121848516 -0.20632194 0.2664816 0.08715592 -0.10361621 -0.21701248 -0.24021094 0.09391726 -0.2863875 -0.14759669 0.04088275 -0.01622157 -0.22029412 0.16055161 0.044042353 0.35655046 0.3259571 0.054112036 -0.6376126 0.08470298 0.006600235 0.1633679 0.40690038 -0.07011389 -0.35747325 -0.015685711 0.17779094 0.26017767 -0.1347674 -0.0011828432 -0.10905735 -0.31273967 -0.30830777 0.07389488 -0.0340778 -0.18091434 0.19791302 0.107415125 0.037555423 0.024003716 0.24913861 -0.07458884 -0.05867917 -0.2121855 -0.16503617 -0.21238647 
0.13359497 0.23488554 0.029003067 0.14350052 -0.09383582 -0.04997357 0.016880136 0.07010049 -0.38290644 -0.06343237 -0.04206678 -0.13004406 -0.276114 -0.19609794 0.064377636 -0.12023947 -0.5092734 -0.19649023 -0.03869031 -0.14755835 -0.25541982 0.2228636 -0.13783519 0.11582776 -0.5369758 -0.17362075 0.2345598 0.0140256155 -0.23489787 0.020951835 0.16846684 -0.26469773 0.22914344 -0.041370768 0.08601006 -0.20122866 -0.49988192 0.12260466 -0.27142203 -0.1229879 -0.4246319 0.2923794 0.040709246 -0.17904203 0.43705148 -0.12799469 0.02060139 0.04849166 0.19792038 -0.32399526 
-0.26350462 0.21369268 0.07043859 0.03905329 -0.31541204 -0.13457395 0.13005917 0.23253973 -0.17964977 0.08866034 -0.066439554 0.06905206 -0.13573007 -0.09433782 0.3802823 -0.19522981 -0.12055844 0.27388778 -0.076962225 -0.050402805 -0.11090101 0.31908265 0.18809776 0.13295126 0.5139098 -0.02930463 -0.33150917 0.29439488 -0.4326229 -0.17013738 -0.06564792 -0.29045153 -0.14038935 -0.01901586 0.38639113 -0.06400202 0.44743174 -0.18334104 0.32060716 0.04025843 -0.22258683 -0.31320885 0.03758117 -0.22580169 0.0025080412 -0.000102988204 -0.0041674753 -0.18834797 -0.040030662 0.03337966 
-0.20100887 0.44815937 0.14770095 -0.067863755 0.14858203 -0.20727867 -0.3296045 0.07358357 -0.20217746 0.020231921 0.08238017 0.022043804 -0.06481547 0.12653407 -0.06427233 -0.22641711 -0.07228426 0.10623791 -0.22442685 0.1196367 0.20127353 -0.23551695 0.29338327 0.12567662 0.1243452 0.070171654 0.31636488 -0.14849257 -0.16283517 0.17815557 -0.18988362 0.41280866 -0.18611923 -0.15627737 0.11505099 -0.060977127 -0.021602571 -0.06734563 0.11310778 0.056929808 -0.42738205 0.16092138 -0.09481447 0.26699144 -0.26277933 -0.26933354 -0.0027121054 0.020817678 0.421676 0.15264438 
0.31390002 -0.0484691 -0.13083304 0.25695157 0.12027925 0.08832003 -0.31501997 0.4686708 0.005354606 -0.41844904 0.06541568 0.5194203 0.30932933 -0.31100902 -0.18821754 0.068224095 -0.17010337 -0.53792226 0.13040452 0.35322544 0.19811893 0.0834011 -0.22980402 0.16863222 -0.2618578 -0.22075437 0.35201183 0.17362477 0.07909869 0.014046042 0.31139076 -0.09248395 -0.053355172 0.29544583 0.18621252 0.053295523 0.24869214 0.029611686 -0.26130357 0.027995294 0.11511171 0.23911214 -0.07280721 0.20725924 -0.36420634 0.005921861 -0.028205749 0.086212054 -0.10063087 0.03782559 
-0.16062975 -0.012803248 0.18335295 0.018357122 -0.070592865 -0.34670848 0.19541803 -0.0021801095 0.15896463 0.119733095 -0.099341705 -0.31503704 0.30830264 0.18090971 0.1061912 -0.017514225 -0.17015868 -0.10485119 0.068899624 0.12241035 0.08239656 -0.18019909 0.19347967 0.034313742 -0.60022277 0.08089324 -0.43648902 -0.21266723 0.20493573 0.44284302 -0.11556305 0.0133444 -0.120135106 -0.16872445 -0.0984398 0.10913245 -0.098952375 -0.1461657 0.10482494 0.29813495 0.14159228 0.07507696 -0.39290878 -0.18297215 -0.27194446 -0.18872552 0.10214629 -0.28429642 0.12988573 0.1815744 
-0.054583624 0.08898241 0.058868337 -0.05216337 -0.35401148 0.03205153 -0.101560466 -0.19388148 0.08056812 -0.10709005 0.31141448 0.21525691 0.5862287 -0.023415213 -0.052066118 0.106330924 -0.06701 0.07809873 -0.31795633 0.21199735 0.1329166 0.24721722 -0.1749884 0.16026637 -0.16441898 -0.043414745 -0.0122788735 0.08754013 0.16864358 0.033649098 0.27856392 0.09862565 -0.292543 0.05199533 0.18915126 -0.3854915 0.22878921 0.060800325 0.08071056 0.3795867 -0.13106102 0.28532484 0.023678353 0.11719244 -0.07266393 -0.045006756 -0.01251135 -0.04415624 0.26818544 0.20910837 
-0.08427929 -0.20078994 -0.059462883 0.167683 -0.2383513 -0.0653536 0.032526758 -0.19428803 0.25279206 0.054035172 -0.20464467 -0.10540854 0.14161299 0.02965242 0.1278719 0.018760469 0.07037928 -0.14069478 -0.19724166 -0.19634771 0.3080805 -0.20880248 -0.005451928 -0.29899567 0.05328537 -0.14077647 -0.41717988 0.1813637 0.39873058 0.2229632 0.34226823 0.4470818 0.03598332 0.14216667 -0.07991943 -0.17290598 0.23207615 0.073332936 -0.016830413 0.018151905 0.26733074 0.04897811 -0.39644176 -0.143477 0.15633084 0.034635067 -0.16878845 0.18859622 -0.45865273 0.013257824 
-0.030707458 -0.016369335 -0.32901257 0.06222567 -0.00355213 0.11137828 -0.13489611 0.20099096 -0.4437525 0.17512742 -0.20384984 0.30615312 0.04117924 -0.11621697 0.18981905 0.09767451 -0.0759273 -0.18428807 0.28462675 -0.13638222 -0.23360625 -0.04713063 0.13512486 -0.025382157 -0.15370977 -0.08125379 -0.12232345 -0.07206098 -0.078742534 0.08309023 0.02252584 -0.24238053 -0.24441637 -0.15174593 -0.008490497 -0.44669566 0.10611218 0.07015562 0.25730354 -0.05788954 0.2967022 -0.19918935 -0.059783198 0.11443065 0.19907106 0.39273688 0.107582614 0.26931286 -0.084436305 0.23023516 
-0.12989226 0.035243846 0.28576028 0.16562697 0.03301836 0.054096952 -0.1420804 -0.34345376 0.12935153 0.008910979 -0.21201761 -0.48079607 -0.06844671 -0.20262302 -0.027831718 -0.06502413 -0.4470623 0.06549681 -0.048920542 0.051805995 0.16201276 0.3461069 0.023315482 0.269774 -0.07412276 0.050822895 -0.015810333 0.10412658 0.29846957 0.42542782 0.17937282 0.349331 0.01839514 0.40029725 0.033778567 -0.050501265 -0.02326938 -0.2470044 -0.05737817 0.035673067 -0.21247925 0.056550767 0.026498286 0.02094451 -0.32444677 0.37273902 0.099906094 0.060116302 -0.012696397 -0.41065413 
0.23878899 0.29097128 0.10798651 -0.04000472 0.012530286 0.0046787085 0.14895958 -0.079906955 -0.2225525 -0.12589175 0.08917777 0.041762535 0.2351595 -0.39359045 0.25341865 0.08611252 0.0011711972 -0.42571136 0.025863774 -0.29498714 0.25016356 -0.17109314 0.057511818 -0.20414779 0.29374364 -0.12812635 0.12734796 -0.08340197 -0.044369172 -0.16590148 -0.04167233 -0.13365686 -0.15668623 -0.18223533 0.45095286 0.20217292 0.14190052 -0.010067227 0.21590663 0.33241642 0.24670684 -0.1200422 0.13498619 0.17745633 0.258985 -0.08006005 0.14231996 0.11850289 -0.1503824 -0.17384869 
-0.084532216 0.010795936 0.33835593 -0.13757786 0.17233849 -0.29021496 0.07277114 0.36275592 0.19985096 -0.21793401 -0.33431473 -0.23447242 -0.09270766 0.05702291 0.06433093 0.16149004 -0.08742412 0.1318591 0.4916673 -0.22849578 0.2950961 0.0480988 0.18721126 0.028433643 -0.031654615 0.21000753 -0.38011768 -0.03354207 -0.046502374 0.020322498 0.025397725 -0.41854057 0.13746527 0.17717563 -0.025802242 -0.29197246 0.13010244 -0.17204739 -0.05234452 0.15707573 -0.14402397 0.097360305 0.1300508 0.019458847 -0.20493105 -0.23989624 0.21649788 -0.054817162 0.28916493 -0.11119623 
-0.0023519758 -0.20160231 0.12737487 0.17421152 0.34946787 -0.084460676 -0.24285337 -0.2656636 -0.22608957 0.23778635 0.25019607 0.15420279 0.06781489 -0.007228691 -0.4074626 -0.16630393 0.454858 -0.115885146 -0.13582288 0.08046505 0.024092682 0.20615081 0.13733195 -0.37362018 0.28506118 0.21555547 -0.08088032 0.3513733 0.10425591 -0.060190514 -0.056724716 0.014008517 -0.06132878 0.34803742 -0.079869084 0.11066656 -0.26937252 -0.06357977 0.081583925 -0.30784705 0.12623012 0.11257807 0.20553918 -0.24259007 0.35508627 0.11033794 0.048231263 -0.044363033 -0.31062278 0.3760017 
-0.19476525 0.090337574 -0.082825474 0.29167965 -0.12362613 0.13889708 0.19778542 -0.35742432 -0.10477311 0.21433473 -0.3713582 -0.20641708 0.087577246 0.20257486 0.24931689 -0.082738765 -0.30567244 0.039007742 0.042753935 -0.057095423 0.07370508 -0.19053915 0.18271965 -0.03660027 0.063413665 -0.13723572 0.16328833 0.110722154 0.30097705 0.012286255 0.10073157 0.045465898 0.09625463 -0.27301762 -0.3411452 0.108736746 0.3421189 -0.15977496 -0.22844143 0.48722163 -0.50471383 0.037305217 -0.09707025 -0.071662426 0.2814398 0.09522077 -0.009454071 -0.11361338 -0.22884421 0.099899 
-0.37498632 0.053703554 -0.10827448 0.08841583 0.059417136 -0.09261992 0.11572899 0.026958855 0.048745837 0.12622328 -0.13605608 -0.13307327 0.16760525 -0.04282824 0.11159058 -0.13994604 -0.14056301 -0.08554336 -0.14279437 0.006645672 0.15556833 -0.07362702 0.31094754 0.21798554 -0.17627446 -0.11873227 -0.08018134 -0.28441283 -0.0806149 0.083916016 -0.20881365 -0.28744003 -0.35130042 0.14449549 0.12939835 0.12691903 0.12927483 0.07771705 0.0054911934 -0.094293416 0.11525793 0.27826902 0.30940738 0.046336602 0.1108978 0.18622908 0.016487723 -0.07315462 -0.09395809 0.24052306 
-0.11367457 -0.019478496 -0.20827873 -0.13432373 -0.29887363 -0.123132326 0.19648811 -0.021972422 0.11215723 -0.0852711 0.06963602 -0.05351646 -0.077448264 -0.12419715 0.16563866 -0.25727013 0.01614276 -0.3202476 -0.015441867 0.12651719 -0.24238276 -0.17351861 -0.27597472 -0.1625286 0.06474301 0.010701607 -0.12908998 -0.47662506 0.15594696 -0.065076895 0.026451513 0.16418588 -0.16145462 -0.0079228785 0.01848632 0.15965788 -0.11358256 -0.09965148 -0.23527473 0.15455462 -0.34812462 -0.28877857 -0.064139955 -0.13697961 -0.17184438 0.033144392 0.009769864 0.13872226 -0.12675032 0.24172658 
-0.029658856 0.15898581 -0.2446319 0.2931781 -0.32639077 -0.06678207 0.17515682 0.16889739 -0.20040959 -0.41026726 0.23553999 -0.3034565 -0.07489216 0.04927147 -0.1801697 -0.08959807 -0.11198971 -0.3048825 -0.044934224 0.035462152 0.11963248 0.18602581 0.25928125 -0.068285726 0.14744884 -0.24508135 0.15375283 -0.24203625 -0.0052980725 -0.15846682 -0.055235695 0.1875604 0.07794697 -0.13078278 -0.051574137 -0.13917473 0.20916691 0.062275015 -0.00430608 -0.24607252 -0.23439881 0.16678527 0.14669505 0.08943423 -0.29891875 0.016148325 0.19746634 -0.16181152 -0.01992741 -0.074092425 
0.16151887 -0.16423438 -0.128517 -0.1971416 0.06925123 0.036075305 0.067372344 0.0017504906 -0.0864735 0.06300473 0.051303748 -0.36637434 -0.3383633 -0.23972335 -0.07323543 -0.18405986 0.13200821 -0.21750504 0.04935939 0.4086583 -0.13448325 -0.191495 -0.13241814 0.1605133 0.14264426 0.15084215 -0.028792376 -0.18857287 -0.3377739 -0.19711931 0.028801484 -0.18306354 0.22046332 0.11124873 0.27229783 0.3204687 0.06892676 -0.33197564 0.08557453 0.061781522 -0.2506146 -0.05446928 -0.08103405 -0.24866222 -0.041234847 -0.1823109 -0.0367133 -0.38136292 0.2752963 0.3380523 
0.14767726 0.3729695 0.2683677 0.008064738 0.008376721 0.06700865 0.08146805 -0.16431716 0.2153548 0.20929945 -0.022894723 0.041582078 0.121696964 -0.16146545 0.030292587 -0.0031869137 -0.19611916 -0.07232982 0.008191211 -0.067061506 0.025754666 -0.16754678 -0.2726484 0.12269591 -0.25192267 0.052493684 -0.24568166 -0.039959215 -0.07469155 -0.29458398 -0.034400612 0.1999013 -0.16082574 0.39922535 -0.035010424 0.12638511 0.1480691 -0.13864116 0.038596462 0.20735848 0.4485592 -0.17622933 -0.12528437 0.025084311 0.073299475 -0.062308248 0.012717392 0.24911205 -0.07820564 -0.1161306 
0.04532976 0.14860648 -0.14463699 -0.11821924 0.18694554 0.0331816 -0.083492935 0.015275966 -0.22618435 0.18269679 0.14993505 -0.09924568 -0.17441489 0.11586789 0.100450546 0.20375057 0.100585066 0.29952008 -0.16763015 -0.09187491 -0.03602996 -0.018457467 0.15959321 0.046690784 0.49524525 -0.35196555 0.56925684 0.045897335 0.035210278 -0.028004013 0.24664378 -0.18201321 0.084098175 -0.1272054 -0.16392085 -0.17844693 -0.13946173 -0.052362673 0.16476735 -0.08012518 0.3554209 0.116222925 -0.3587333 0.09549837 -0.17919594 -0.15711756 -0.18728565 -0.031687647 -0.007865915 -0.09885726 
-0.073072046 -0.05654225 -0.36501628 -0.23834346 0.024995787 -0.18990853 0.0030612913 -0.32415557 0.07820182 0.34753865 -0.31760392 0.30588067 -0.26857772 -0.2845521 -0.3100857 -0.07169909 -0.15095513 0.058277193 0.08037253 0.09318706 -0.11042999 -0.18016945 -0.3823881 0.21576259 0.2649215 0.11097048 -0.18612354 0.31476352 -0.0028068018 0.12798215 -0.07188066 0.24575827 0.14943913 0.04656466 0.13501011 -0.27748895 -0.06247602 -0.24544679 0.031845488 -0.143581 0.12786037 -0.09742545 -0.06815005 -0.13480283 0.20083942 -0.028363246 0.10165193 0.14508635 -0.03352669 0.20016032 
0.09290654 0.31718725 -0.06472276 0.067489155 -0.4275718 0.29399768 0.12437467 0.046174157 0.16269533 -0.15749417 0.08155627 -0.09721168 -0.21074502 0.48232436 -0.34404498 0.07741636 -0.05375172 0.17455998 0.18508875 -0.20364593 0.1858338 -0.041392315 0.21644422 -0.16332187 0.19766904 0.15487981 0.14174631 0.12167518 0.19645163 -0.05981347 0.14285123 -0.36112884 -0.113909364 0.035146505 -0.16732587 0.1134956 0.016407508 -0.17831373 0.19885725 -0.11608147 0.1549294 0.0888124 0.0071205287 0.33261654 -0.05589153 -0.100679144 0.20438577 0.05811253 -0.4834057 0.25311244 
-0.10080009 0.044119637 0.2278853 0.19645546 -0.0464674 0.27016374 0.0070686936 0.16950117 -0.04847722 0.12731162 -0.12556978 0.103023715 -0.03832331 -0.037755035 0.13198021 0.2942468 0.308489 0.24066964 0.04984131 0.16260792 0.022168204 0.2379211 0.043453094 -0.40360397 -0.20529605 -0.13283524 0.27067304 0.067132466 0.384768 0.30783993 0.07984498 0.2893545 -0.14126262 -0.07820046 0.015787087 0.0011604911 -0.20358717 -0.45720112 0.08233897 0.44612446 -0.047941584 -0.19215675 0.011771247 -0.116618544 0.04756527 0.15161224 0.30599755 0.15851013 0.13480206 0.072047345 
0.0914887 -0.32140452 0.12875767 0.20330054 0.0938797 0.15597184 -0.08225396 -0.0039502466 0.2016962 0.014047526 0.14343765 -0.18391334 -0.018683549 0.24877402 -0.06225665 0.106531285 -0.014786702 -0.015297029 -0.20210958 -0.061639506 -0.14038019 -0.14874221 0.024013096 0.1146495 0.17952688 0.07108503 -0.25843117 0.03339845 0.06800346 0.19405879 0.030643243 0.08063321 0.2977576 -0.046360303 -0.13229042 0.507237 -0.19949576 0.13002606 -0.30367193 -0.0019779613 0.14926277 -0.14743729 0.1727535 -0.3181015 0.08666173 -0.12838341 0.0077150823 -0.027073255 0.053128723 0.34700677 
0.10573177 -0.14842676 0.08840709 0.15799005 -0.021709673 -0.12797335 -0.21388297 0.15681967 0.18222743 0.29888585 -0.2297166 -0.065721974 0.2606476 -0.42477354 0.25312763 -0.24542817 0.03008709 -0.07277976 0.02209039 -0.17129144 0.041014466 0.003561115 0.39692917 0.05901258 -0.20423594 -0.086072326 -0.015182482 0.1589172 -0.2719555 -0.12425962 0.10863864 0.30354702 -0.2009446 0.044103064 0.05164505 -0.19169968 -0.19736052 0.21621352 0.007590496 0.056733627 -0.3635718 -0.0025036593 0.36044735 0.08751551 0.10726255 -0.19436958 0.28673425 -0.08925829 -0.32905465 0.24985152 
-0.24854231 -0.064583726 -0.049686037 -0.16043057 -0.11229687 0.2627941 -0.022301205 -0.07320031 -0.33919406 -0.083370216 0.046522085 -0.15776713 0.30940136 0.20900297 0.11062247 -0.1326158 -0.13900708 -0.138568 -0.22083583 0.16841963 0.004123302 -0.18429206 -0.062969714 0.04718937 -0.13487571 -0.12595053 0.3886816 0.3045273 0.051018905 0.1939932 -0.30145553 0.06116794 0.09521261 0.21642978 0.1858056 0.059755754 0.2098178 0.32772627 0.37289765 0.07644192 0.009480703 0.028487163 -0.05882729 -0.13529824 0.12314225 0.20885678 0.26068208 -0.19752392 0.33879793 -0.3393702 
0.025874548 0.0047243047 0.057135433 0.01981392 -0.10766396 0.05647189 0.012560228 0.05168434 0.11322038 0.06118447 -0.0146949785 0.19333538 0.011586355 -0.039312847 -0.05765569 0.0658327 -0.04377327 0.009476894 0.004323263 -0.003537616 -0.09533468 0.01766693 -0.068321854 0.09818818 0.049562037 0.027316157 0.14299405 0.07352234 -0.11885043 0.116711915 -0.047005028 -0.08587383 0.19679698 0.08931032 -0.0946193 0.16625403 -0.05929523 -0.050825816 0.14600003 0.03399967 0.08888779 0.061870933 0.028985688 -0.023839308 0.05473074 0.0024841463 -0.049090818 0.050086528 0.058265056 0.04010554 
-0.14103982 -0.19132861 0.064202785 0.20485134 -0.10068513 -0.17766869 0.09265776 -0.07405634 0.080424584 0.028142741 0.31740788 -0.11390071 0.09022804 0.11490374 -0.07911081 -0.0059943334 0.08446423 -0.09744955 -0.022520332 -0.022975843 -0.24801512 0.24080622 0.09103731 -0.3406057 0.08183338 0.31353724 0.03851937 0.55789036 -0.17255075 0.04723814 0.023542538 -0.29455632 -0.23207748 0.11851994 -0.14748828 0.122252695 0.06382751 0.099065565 -0.056300715 -0.1103635 -0.16046186 0.1499747 0.08339303 0.10938967 0.18885423 -0.18041499 -0.14186262 -0.41668612 0.119525425 -0.03606511 
-0.17586848 -0.15705675 -0.010556461 -0.4241644 -0.30998558 0.24907544 -0.16418216 -0.22538064 0.20399782 0.061789423 -0.12953493 -0.07077503 -0.032723166 0.17838785 0.090852164 -0.023928694 0.14680322 -0.1808977 -0.1377951 0.10641913 -0.25995788 0.32895154 0.037013642 0.3891025 -0.20636708 0.12672578 0.38243157 -0.14581378 -0.10508126 0.010669517 -0.076927945 -0.20307776 0.2375104 0.10688976 0.08245969 0.29859576 -0.054859646 0.011225314 -0.10099217 -0.13803297 0.09039162 -0.055727337 -0.17523903 -0.094889104 0.03193557 -0.12254863 0.33087146 0.14293154 0.091534995 0.14794768 
0.10596222 -0.10662637 0.022411311 0.29890883 -0.06882077 0.42266926 0.041100405 0.015127419 0.29020667 0.3020696 -0.059700344 0.15629867 -0.058704525 -0.49626657 -0.4433412 0.11241867 -0.037923835 -0.018953772 -0.10500652 -0.0903706 -0.42909774 -0.4268594 -0.1946178 0.3291361 0.29489508 0.25757915 0.056335896 0.018613478 0.053669054 0.12794183 -0.18402453 -0.11605124 0.00670732 0.16129453 -0.24167745 0.0028327731 0.21351023 -0.060775567 0.08664015 0.058669116 -0.2631847 -0.052262127 0.14859824 -0.061161537 0.09721778 0.16796112 0.103838176 0.029638594 -0.09082509 0.374478 
0.09307355 0.19213495 -0.16797689 0.02241937 0.010940712 -0.060958635 0.2083954 -0.19469851 -0.119138 -0.12301923 0.069906905 -0.041239493 -0.17346503 0.095413275 -0.19721839 -0.05609027 -0.017663725 -0.25559595 0.5131979 -0.2714572 -0.22779197 -0.07306416 0.033353236 -0.5459201 -0.12018139 -0.1633256 0.012904386 -0.22269446 -0.058341887 -0.15320063 0.048819453 0.06782913 -0.10179427 -0.03620098 0.026725996 0.2655292 0.13727725 0.26965216 -0.06959877 -0.32408163 -0.17276882 -0.09536653 0.29995292 0.07314305 -0.0026235143 0.36018687 0.17839977 -0.014986223 -0.18185101 -0.36384696 
0.14343494 0.25613528 0.45314637 -0.09846008 -0.03635501 0.18410595 0.25535166 -0.040587433 0.18621132 0.053120986 -0.22020185 0.1647986 -0.23259893 0.14746499 0.020183038 -0.045119535 -0.108368695 0.18809399 0.059655562 -0.037749134 -0.06824461 0.09546614 -0.2596558 0.03298409 0.13816704 -0.10573781 0.10527126 -0.13159232 -0.1633382 0.15354624 0.228842 -0.027378697 0.5278631 -0.0047037746 0.07233629 -0.012445999 -0.22399704 0.0006677014 0.30841804 0.23493397 0.20781547 0.062379338 0.23364489 -0.084287256 0.29720807 -0.14544493 -0.19987392 -0.15813571 0.06987034 -0.1926762 
-0.17402405 0.08252463 -0.1273052 -0.039991446 -0.43007597 0.02548246 0.095185764 -0.114862576 -0.016967101 0.24093235 0.14610796 0.4499137 0.022273863 -0.5682751 -0.16452998 -0.13251004 0.07503446 -0.31953767 -0.307355 -0.21062139 0.013587519 -0.29405212 -0.18477333 -0.023122659 -0.5139666 0.3656492 0.028656263 0.03214628 0.14443661 -0.36011752 -0.23880298 -0.010935484 0.106061816 0.0073527917 -0.08644184 -0.06954163 0.1947356 0.2352823 -0.42539868 0.14314012 0.02201976 -0.25978664 -0.29294392 -0.3914242 0.020346185 -0.06881088 -0.4013341 -0.09489938 -0.11467592 -0.23635523 
0.10990765 0.20577838 0.15493867 -0.29291695 -0.054595094 -0.080853924 -0.14172657 -0.34159634 -0.026692126 -0.098557115 -0.41084382 0.05228801 0.4424512 0.110800505 -0.01429081 -0.25974116 -0.2937902 0.11337381 0.094266176 0.050386973 -0.16565491 0.21585964 0.3237529 0.37301317 -0.11018142 0.09585649 -0.10684118 -0.25370356 -0.014893913 -0.14006662 -0.21441844 0.23479566 -0.07607828 -0.31957358 -0.16731386 0.0035029172 0.05764891 0.095647655 -0.03532693 -0.21208741 -0.057926144 -0.115781106 0.09730408 0.40244064 0.1044946 -0.08698206 0.00546702 -0.16739044 0.111263305 -0.30438676 
-0.12186411 -0.1393144 -0.09365001 -0.14914675 -0.08601993 -0.11879416 -0.23017107 0.16090935 -0.33524254 0.12506865 -0.119819425 0.35101685 0.3871881 -0.092887074 0.15316454 0.22656074 -0.08728696 -0.43541464 -0.07466213 -0.28524572 -0.055124965 0.34005275 -0.11860617 -0.13879643 0.15645641 -0.24530834 0.26479056 0.1557139 -0.17777435 0.15924196 -0.25260147 -0.10095435 0.33629668 0.1695769 -0.09954849 0.41506228 -0.05446443 -0.16834483 0.09799781 0.10450038 0.39541662 0.36064988 -0.29703897 -0.120665506 0.40782943 -0.04052852 0.06994682 0.29719788 0.49940583 0.13720177 
0.14979823 -0.1926339 0.2698899 -0.2863514 -0.084671274 -0.23881607 -0.24910292 -0.008896258 -0.26246837 -0.22943637 0.08725722 -0.24488357 0.029830746 -0.1409995 0.37121868 -0.10785944 -0.4526899 0.052611534 0.02128747 -0.048695493 -0.5395115 -0.3209143 0.27355844 -0.07171839 -0.06395705 -0.3657082 -0.18891682 -0.011092454 -0.27758366 0.06501378 -0.37347975 -0.33360252 0.12598787 0.4846475 -0.2909268 0.42574668 -0.22453286 -0.013320204 -0.13966906 -0.08539623 0.21343122 0.17666823 -0.4364562 0.03536658 -0.16056563 0.26445234 0.0073608747 0.37683377 0.39629346 0.0068587894 
0.21830738 -0.18120815 -0.014735167 0.35167554 0.11728681 -0.101319395 -0.004567224 -0.09010127 -0.18141858 0.1366019 -0.042399243 0.16363154 -0.21728835 0.07359829 -0.21807776 0.0768528 -0.39372694 0.04150211 0.0027150435 0.36172718 0.17009793 -0.26693478 -0.003062061 0.28770667 -0.24526387 0.42014775 -0.30871913 0.35533035 0.16974592 0.12131104 -0.30685258 0.06277898 0.11920965 -0.06130921 -0.3841855 -0.018910635 -0.012632577 -0.09799018 -0.022370962 -0.18142977 0.15245312 -0.27467817 -0.15028894 -0.10525036 0.16737512 0.25353548 -0.19790295 -0.11522415 -0.3043001 0.05685039 
0.057213444 0.1470208 0.21675092 0.006442608 0.19628367 0.01 0.009988841 0.21898961 0.04665912 0.1116224 
-1.0453774 -0.16022126 -0.10675565 0.17547856 -0.67288107 -0.5313398 -0.88965183 0.2086139 -0.7916642 0.09874837 
-0.42372784 0.14189826 0.212243 -0.5469839 0.13376883 -0.46223804 0.38823202 0.64497066 -0.42650703 0.53610927 
-0.11842566 0.1384257 
