0.45770985 0.26999292 0.7011838 0.16275164 0.10860567 -0.065287024 -0.33649188 0.40447393 -0.05590209 0.16582723 0.015235389 0.13343613 0.17893259 -0.20182446 -0.7005464 -0.23859704 0.0023656988 -0.110101305 -0.42602336 -0.18276516 
0.17252173 0.16651732 0.36088598 0.019245245 -0.21492676 0.1845766 0.062219445 -0.11094617 -0.10101966 0.18598182 -0.27940556 0.13016988 -0.30940998 0.0392662 0.11096121 0.1945036 -0.052797094 0.07386098 1.2759655 0.40168953 
0.012899175 0.0070529478 
1.6009699 0.108488925 
-0.037746284 1.4081599 
-0.6558675 0.8546144 
-1.6270243 -1.3951387 
0.01293024 0.00889104 0.0073965522 0.01299325 
-0.17172481 -0.35408914 -1.7472616 -0.66173226 
-0.09146814 0.23847578 -0.053551532 -0.061279684 
0.007064932 0.0129350675 
