-0.54567635 0.049403116 -0.056648497 -0.12677304 0.3572085 -0.123056754 -0.24221061 -0.25547275 -0.2485477 -0.154579 0.3675509 -0.095733784 -0.29612166 0.05482548 -0.10737509 -0.06249674 -0.3775183 0.23964337 0.4822879 0.2192067 
0.95379215 0.37736046 0.32948315 -0.49017048 -0.05912593 -0.48913223 0.29878217 -0.10687239 -0.13564634 0.3466681 0.11356317 0.61421263 -0.10610502 0.47436517 -0.47841078 -0.31541675 0.1161408 -0.22085816 -0.22354019 0.03182273 
-0.114625886 0.06327078 0.049554188 -0.16212623 0.5698967 -0.29594624 -0.2070333 -0.14309342 -0.3199212 0.0442433 -0.16040407 0.27194166 -0.16069786 0.027698088 0.12848584 -0.1662366 -0.46480155 -0.14388534 0.12141855 -0.0033227964 
-0.02535587 -0.4653627 -0.08840155 -0.10375986 0.3469519 0.09973569 0.86080724 -0.19027987 0.14927647 0.37860122 -0.2828225 -0.35699993 0.4919628 0.010813044 -0.19898003 -0.16194434 -0.1277232 0.5027485 0.22864029 -0.48526204 
-0.30010667 -0.09671912 -0.24334732 -0.21493387 0.15938589 0.29723048 0.11459624 0.07935636 -0.5179347 -0.2191323 -0.52609074 0.10188003 0.1324017 0.22916107 -0.07278713 0.038850363 0.44153336 0.3464345 0.6006189 0.08982533 
0.19635668 0.13724881 -0.02413109 0.00029703235 0.15840712 0.660443 -0.366681 -0.25538024 -0.17867506 -0.10795779 0.535126 0.06947924 -0.14750129 -0.4129941 0.44746062 0.38222995 -0.05885488 -0.21511061 0.14986303 -0.10034857 
0.04641489 -0.0035707192 0.16108531 -0.16096944 0.20388731 -0.3096686 -0.13991189 -0.25527903 -0.38801205 -0.48938924 0.54805493 -0.21526936 0.24457961 -0.31135198 -0.10350348 -0.11060657 -0.45023093 0.045981113 0.26025128 -0.35870174 
-0.52944475 0.11710682 -0.2124991 -0.5151032 0.032707904 -0.25314987 -0.2919775 0.14150745 -0.51690733 -0.54082316 -0.3641702 -0.08234774 0.03152721 -0.14242838 0.114377774 0.19146563 -0.26238507 -0.82745105 0.116084956 -0.5259039 
0.50625855 0.43841702 0.42855477 0.1739709 0.08961711 -0.3491221 -0.19515793 0.26461852 0.25475383 0.55710906 0.23910886 -0.2762441 0.4198499 0.17100705 -0.10833949 -0.050715618 0.27897242 0.074959755 0.76647836 0.0040672002 
-0.3760654 0.2820262 -0.29594603 -0.23929825 0.453484 -0.18609844 -0.6280944 0.09058693 0.16710189 0.7372954 -0.6496743 -0.18135005 -0.51721984 0.291701 0.043055598 0.14901184 -0.064652584 0.0116290515 -0.40802127 0.040280793 
0.10209641 0.015349677 0.07194549 0.23816407 0.10911697 0.28731248 -0.16751346 -0.14148778 0.4385529 -0.3056313 -0.09561908 -0.3267132 0.53840333 -0.01895085 0.5637312 -0.02162842 0.46099222 -0.3220161 0.37953955 -0.19862774 
-0.20574026 -0.18691568 0.00034839232 0.082852006 -0.033636242 0.15438426 -0.22006711 -0.022641324 -0.11506626 -0.06659788 0.0655304 0.5648721 -0.20293018 -0.3782304 -0.22590365 0.20709291 -0.3279301 0.7696579 0.19957969 -0.11945251 
0.28144565 -0.1548419 -0.48435858 -0.14640358 0.4152032 -0.031840052 -0.3537984 -0.34562176 -0.5836212 0.10417181 0.42586672 0.38147822 0.03777683 -0.85448414 0.19024014 0.047609832 -0.23961474 -0.00887363 0.2615562 -0.12917823 
-0.20969877 0.019681932 -0.1259367 -0.6460618 -0.30637708 -0.2192123 0.40108547 -0.083977446 -0.24995591 -0.31939328 0.20663518 0.45952892 -0.06998816 -0.31802937 0.102644585 -0.3454239 -0.31354752 0.44654065 -0.5232255 0.16570586 
-0.06609806 -0.4474933 0.6341666 -0.38172534 -0.35911268 0.40548047 0.63204694 0.40711957 0.018094482 -0.15030809 0.67633456 -0.2797751 0.06876795 -0.25721747 0.40459308 -0.2752799 0.22878389 0.5897898 0.015331543 -0.18670166 
0.407229 -0.08863126 -0.04547007 -0.0214596 0.34868854 -0.27921894 -0.071731836 0.10378373 0.0955459 -0.37019774 -0.09364424 0.2132799 -0.51375526 -0.3523177 -0.42474842 0.014497072 -0.2870462 0.36335915 -0.09971828 -0.13983554 
-0.058805928 -0.32448775 0.048660662 0.4211988 -0.24052493 -0.33930013 -0.21175852 -0.45147726 0.081257865 -0.2931771 -0.008731717 0.4750843 0.38017875 -0.2769807 -0.11916737 -0.019702004 -0.51446706 0.3011941 0.08931252 -0.3003072 
-0.3360486 0.35549003 0.44476807 -0.42961344 0.50061274 -0.1871215 0.42589343 -0.37710124 -0.18397942 -0.39327684 0.30355296 -0.3118962 -0.042397946 -0.46924186 0.03539779 0.15318044 0.12383676 -0.45858562 0.08745294 -0.4308805 
-0.21093291 -0.2877065 -0.47928658 0.014246282 -0.3126941 0.1832839 -0.48733142 -0.583958 0.041060463 -0.020459592 0.006105516 0.4028944 -0.26284042 -0.28089002 0.46410874 0.047353357 0.3179655 -0.6356407 -0.21221396 0.13663554 
-0.44653198 -0.089065835 -0.12409238 0.014755024 0.099110544 -0.17442523 0.18665929 0.21380053 0.11032608 0.5331223 -0.1380981 0.17963882 0.23832437 0.018307747 0.1827098 -0.24253012 0.029152235 -0.3966578 0.30295214 -0.44893742 
-0.054704275 0.51471364 -0.22292382 -0.06536835 -0.10702646 0.0131934825 -0.29469225 0.15292928 0.08211633 -0.028203472 0.23575996 -0.09827334 0.09142051 -0.0901901 -0.35633466 -0.2160705 -0.3605916 -0.2483909 -0.22939806 -0.023795012 
-0.08937248 -0.21338876 -0.3401035 0.16809078 -0.21877538 0.16514961 0.7084776 0.31324846 0.16415669 0.4441826 -0.11778511 -0.031617925 0.21930175 -0.21744256 -0.109749064 -0.17145468 -0.088584326 0.17524542 0.19316065 -0.0786844 
-0.039490465 -0.14120546 0.08336608 0.34624255 -0.39469638 -0.14368755 0.43712765 0.091521576 -0.38365537 0.20674026 0.12458664 -0.28066552 -0.17246813 0.26041782 -0.009963309 0.21872729 -0.48468664 -0.30753025 -0.060140174 0.10156199 
-0.37048596 0.26000777 -0.22520697 0.042271174 0.42259553 -0.23496297 -0.6528944 0.026041891 -0.30948788 0.2247058 0.060614727 0.25415415 0.36048028 -0.17155777 0.16129793 -0.045914028 0.24494836 -0.21638644 0.076450795 -0.13212352 
0.7487589 0.09712018 0.1542726 0.06288399 -0.82609516 0.14485267 -0.009973378 -0.2950714 -0.12032085 -0.16413027 -0.1925744 -0.5253702 0.25124243 0.054940462 0.3469477 -0.02860832 0.14512475 0.015938103 0.18520841 -0.45053205 
0.31979728 0.1453345 -0.28800488 0.36844447 0.24731056 -0.12070757 0.12322619 0.041619327 0.21297263 0.08818841 0.077028476 -0.12345172 -0.20368268 -0.46967134 0.3577299 0.24563664 0.32545608 -0.5628612 -0.13057727 0.1584349 
-0.827024 -0.12168116 0.5098071 0.1433745 -0.4216651 -0.18486358 0.018247101 0.028698115 0.5625271 0.120315604 -0.05660903 -0.22070418 -0.16480868 0.26395428 -0.26962423 0.26746976 -0.43880844 0.12874614 -0.49128968 0.24093533 
0.32521138 -0.41142294 -0.13947229 0.05709089 -0.73935956 0.0131635405 0.11560602 0.13455476 -0.8592107 0.45517442 -0.3498633 0.06340249 0.053578544 0.24911267 -0.7163317 -0.27987406 0.3674653 -0.08954203 -0.078571014 0.46023634 
0.22494231 -0.20151678 -0.07939932 0.5584207 -0.013269292 0.1364886 0.17593251 0.019546306 -0.13000081 -0.6132237 0.23741303 0.09672597 0.034003116 0.42106095 -0.048210073 0.46808782 -0.49392602 0.62552315 -0.31203383 -0.0259098 
-0.18398221 0.13140467 -0.48531038 -0.2825904 0.085988455 -0.2550844 -0.31499985 -0.11695385 0.3372163 -0.25298578 -0.27766016 0.19143619 -0.44756684 -0.124245755 -0.059828214 0.4484812 -0.056586523 -0.09925135 0.06495956 0.32121104 
0.015685344 -0.051109266 0.36112338 -0.26708025 0.010338439 0.19936825 -0.6021873 0.16544522 -0.07220185 0.3093769 -0.13305533 -0.55967385 0.13217582 0.080959514 0.07735693 0.7433328 -0.30335504 0.31651148 -0.27538222 0.04549319 
-0.03190075 -0.2858274 0.24585162 -0.2871924 -0.18175705 -0.041244924 0.37784213 0.15122885 0.032231774 -0.06428149 -0.1391019 0.84809333 0.26711592 0.34055942 0.29496023 1.015131 0.46401396 -0.073896326 -0.26743805 -0.14412187 
-0.10363765 -0.3338928 -0.468109 -0.033163488 -0.15148678 0.3340225 -0.05094551 0.19610246 0.5862389 -0.19419762 -0.00035407976 -0.58350736 -0.078867 0.41616178 -0.1961522 -0.6299463 0.050283246 -0.1998734 -0.02451763 -0.1629261 
0.12008111 -0.18726955 0.40950617 -0.24596696 -0.21446742 -0.030079944 0.16292752 0.16431965 0.35578337 0.36543033 0.046738528 -0.17252122 -0.015351923 0.1764901 -0.1759709 0.17805947 -0.2382658 -0.05491527 -0.38704312 0.079929516 
0.16999972 -0.47759363 -0.5683567 0.06261572 0.011212823 0.15366429 0.21268483 -0.4395806 -0.2509853 -0.08892849 0.564845 -0.09317518 -0.16696765 -0.29924396 0.33108184 -0.7392998 0.2023235 -0.15390764 0.22128142 0.046442963 
0.20921834 -0.35231543 0.63627136 -0.55419946 -0.0049725785 0.33492202 0.12608175 0.7828315 0.016353203 -0.2755843 0.49458766 0.47047442 -0.5306535 0.5388235 -0.29734394 0.12543966 0.08361457 0.048528325 0.046134014 0.056852855 
0.045101438 0.29368734 -0.23698822 -0.16095507 0.31276697 -0.18052061 -0.039623223 0.09555032 -0.03075848 -0.58277136 0.41138622 0.22770359 0.16681471 -0.071444005 0.057162452 0.14816147 0.4951829 0.25412592 0.05192542 0.19567022 
0.27944437 -0.1577188 0.3111352 0.31140113 -0.22222936 -0.71707684 0.22402002 0.5168406 0.003196032 -0.3051139 0.38800913 0.14438532 -0.05846565 -0.076246284 0.08098136 -0.7047607 0.2205917 -0.6371704 0.25530055 -0.21592097 
0.14960848 -0.009602751 0.13881572 -0.41386047 0.5002804 -0.30691785 -0.10156379 -0.11588273 -0.24353914 -0.15356122 -0.27899018 0.25938052 0.22280818 0.17308457 0.13729672 -0.026935974 0.55261075 -0.08390762 0.15361558 0.042661484 
-0.2577799 -0.14209473 0.15777382 0.0250929 0.35566086 -0.07037565 -0.026335401 0.5226193 -0.37010333 0.17072499 0.3126675 -0.40150046 -0.50067824 0.044248767 0.10235296 0.077136144 0.19502954 -0.40688193 0.08565872 0.08934659 
-0.48480925 -0.2599866 -0.29661158 0.032881033 0.11527499 0.3720211 0.08328461 0.33841828 0.4178108 0.0867769 0.0905664 -0.26097924 0.2625271 0.10702559 0.09943888 0.35521474 -0.22456862 -0.3140634 -0.13036929 -0.053428784 
-0.028049713 0.20078614 -0.30661687 0.2305153 -0.024399608 -0.5525621 0.115376696 -0.2807453 -0.02519998 -0.080428936 0.021086726 -0.0891944 -0.6248616 -0.40965405 0.27140006 -0.19844718 0.16473849 -0.052816536 -0.29183224 -0.7677308 
0.25153166 0.24302012 -0.41398042 0.06860553 -0.0997202 0.43800768 0.49037775 -0.10292905 0.3394916 -0.025352953 0.21133661 -0.056805685 -0.30837995 0.25080678 0.24387287 -0.12443766 0.50381476 0.058163732 0.23292333 -0.6486113 
-0.3370143 0.52775306 -0.060450736 -0.2164593 0.20500502 0.24943677 -0.5306281 -0.12345101 0.19670717 0.03229019 -0.330766 -0.28550446 -0.415705 0.119159944 0.4294353 0.12322366 0.6007956 0.28075156 0.3228843 -0.065913066 
0.6439518 -0.14432722 0.8717324 -0.12846732 -0.17716824 0.37707123 -0.17705987 0.4196803 -0.12612791 -0.33354533 0.47776634 0.2388521 0.1297906 0.13553338 -0.27260336 -0.13310173 0.35305175 -0.25314447 -0.33369133 0.16948622 
-0.2224865 0.6813015 -0.06352828 0.21630175 0.38675225 0.24952261 -0.09923665 0.19029038 -0.3073455 0.31768492 0.25673917 -0.31819084 0.27592057 -0.27599993 -0.05381668 0.08593534 0.072623 -0.27069688 0.3303561 -0.119870655 
-0.7867353 -0.26854402 0.18916821 -0.08570192 -0.35211584 0.040224817 0.56791854 0.13952512 0.13886811 0.4922376 -0.19000727 -0.022772394 -0.010209725 0.46213633 -0.6976613 -0.17187484 0.38801146 -0.59930116 0.19372366 -0.24348265 
-0.06796136 0.31591937 -0.6887066 -0.5819277 -0.17330936 0.62805593 0.59287643 -0.67632306 0.28065377 -0.08075404 0.21990249 -0.3276332 0.11473963 -0.49424228 -0.31755376 -0.15958717 0.2009672 -0.2244894 -0.07546166 0.33315015 
0.039878592 0.23314907 0.14098412 -0.12850398 -0.48109508 -0.32233518 0.22345155 -0.18938187 0.21620673 -0.27262953 -0.42665848 -0.12390143 0.061697893 -0.3299308 -0.04394637 -0.23519698 0.11551551 0.49155992 0.27266413 -0.22056212 
0.07346858 -0.31212103 -0.062173117 -0.21908574 0.3960899 -0.12768938 0.5672157 -0.15262692 0.438076 0.13490011 -0.061644003 0.025400527 -0.42259735 -0.41924578 0.13446878 -0.36223856 -0.0059283706 0.99088275 -0.26104575 -0.26698902 
-0.010421941 0.03896113 0.016353907 0.04100119 0.011418032 0.018068576 -0.024356257 -0.025403015 0.05279905 -0.0054868422 -0.0074188537 -0.013091458 -0.029707026 0.0015182721 0.02923523 -0.045821857 -0.013107723 -0.037262365 0.01200408 -0.0065758056 -0.029487906 -0.01848763 0.03776299 0.021585088 0.066412054 0.051251255 0.0043530827 -0.0095224 0.049232855 0.0050059385 0.012305678 0.010436651 0.0053724796 0.037914243 0.011022832 -0.010789013 -0.006706446 -0.017171126 0.0026857492 0.011718289 0.0026517045 0.007655853 0.028014313 0.03554983 0.034282207 -0.018812835 0.0451566 0.005330313 0.039235413 -0.01851957 
-0.17430457 -0.3472663 0.017806487 0.04805268 0.047809724 0.18301934 -0.25978887 0.24251932 0.115257286 -0.24518673 -0.6482636 0.41681126 0.02653382 -0.026676709 -0.010904878 -0.372977 -0.033279985 0.045020808 -0.059110377 0.16705164 0.23399802 -0.0692838 -0.10345079 0.064003296 0.064924315 0.16022922 0.39753944 0.10528161 0.12382293 0.052992743 0.59505683 -0.08692045 -0.1662823 -0.26369667 -0.198453 0.054689698 -0.5483028 -0.033560336 -0.12463972 -0.34054625 0.1732739 0.28073978 -0.0414483 0.2865943 -0.10809244 0.055442996 -0.1340205 0.29206616 0.09220536 0.1605683 
-0.2022621 -0.19511952 0.021900658 -0.089017875 0.04546951 0.35892674 -0.06976831 0.044936698 -0.14353952 -0.1715404 0.0932979 -0.06417148 -0.09651718 -0.040112738 -0.33042136 -0.059904728 -0.07315982 0.18949838 -0.2481931 -0.21294412 -0.15722461 0.064345576 -0.07570212 0.15219443 0.035325825 -0.012332644 -0.011692698 0.11645197 0.3839503 -0.0054706424 -0.01450089 0.30759242 -0.06318129 0.24705839 0.14101255 0.33328536 -0.20796046 -0.20286062 -0.026369939 -0.13030596 0.12265269 -0.2668768 0.11320474 -0.045251165 0.37956953 0.046067346 0.38087344 0.121226676 -0.17384337 -0.18718593 
0.17098567 0.005112078 -0.07492165 0.14903145 -0.051810514 -0.22584389 0.43656313 0.054551832 0.042340543 0.46288925 0.07351349 0.36045438 -0.12766808 0.3710555 0.20435192 0.060881477 0.5606893 0.11303035 -0.41286814 -0.25054592 0.37810066 0.06681426 -0.018485943 0.25749812 -0.1150067 0.22768521 -0.25711015 -0.41728765 -0.027056525 0.4266613 -0.058756888 -0.06991493 -0.17847909 -0.15609923 -0.21310836 -0.16765532 -0.1674107 -0.091303565 0.045117404 0.19631141 0.102996305 -0.34710824 0.23364598 -0.3310596 -0.1001104 0.28426263 -0.11172829 -0.30279142 0.2651307 0.18765207 
-0.03031669 0.2882837 -0.26822352 -0.19585052 -0.34019393 0.019910643 0.26646632 0.037194893 -0.047757834 -0.12397375 -0.22623883 -0.06823767 0.043899808 0.067909 -0.20756459 -0.08767224 -0.08807436 -0.11684574 0.13500224 -0.12009088 -0.32481393 0.13579772 0.17986457 -0.039583687 0.015782125 0.003658603 -0.3504992 -0.09880723 0.01717653 -0.41200694 0.19177936 -0.101206146 -0.14087501 -0.014806711 0.2293573 -0.16755 -0.35276672 0.09278366 -0.2296217 0.23915511 -0.08965759 0.15167902 0.14449672 -0.11270806 -0.28256533 0.28471145 -0.07242723 0.06533166 -0.13086239 -0.085957594 
-0.25012398 0.4843193 0.11121887 0.09613802 0.15800835 -0.041091476 -0.05855167 0.026183542 0.28486395 -0.015469132 -0.009358794 0.10329616 0.2163253 0.018611113 -0.025863113 0.28689954 0.22187957 0.3933304 -0.40929043 -0.04027845 -0.021360753 0.044956192 0.13117462 -0.30058387 -0.036078587 -0.1047736 -0.32167223 0.18548822 -0.24431255 -0.18184246 0.2872948 0.08161902 -0.34798086 -0.34444648 0.10806453 -0.023863416 0.27628574 -0.15380043 -0.067963354 -0.20533182 0.1520361 0.118703336 -0.23565002 -0.0735783 0.20310776 0.32722387 0.004456385 0.05383532 0.09562948 -0.03681383 
0.06472024 0.2831072 0.15613766 -0.036435913 -0.27092668 0.15366554 0.09795535 0.41471475 0.3432761 0.23777206 0.10164511 0.30590534 0.043188974 0.059517346 -0.016571943 0.16265124 0.055440746 -0.082588755 -0.002254331 0.12414717 -0.11812621 0.28948697 -0.030425118 -0.36846265 0.2502289 0.193938 -0.039081912 -0.43489844 0.029414866 -0.33442897 0.06117167 -0.03172044 -0.26441488 0.29321298 -0.24971883 0.37179202 -0.0924302 0.035393327 -0.28276554 0.43440032 0.09129107 -0.06352233 -0.3329111 -0.14465687 0.3207553 0.15902925 0.17259203 -0.3445447 -0.19677186 -0.012345802 
-0.38283435 -0.09078747 -0.028284315 -0.31571284 0.014692674 0.18379721 0.24372159 0.05185937 0.22414723 0.21531 0.15989855 0.12585714 0.14104505 -0.0731504 -0.22492205 0.38533348 0.11459536 -0.2244399 0.038106672 -0.23296545 0.020939592 0.10244651 0.11203877 -0.29026794 -0.17778376 -0.27747047 0.23509352 -0.2737714 -0.052115064 -0.10293903 -0.09927198 0.39428335 0.122428864 -0.4306025 -0.13873611 0.48844185 0.057703085 0.05377797 -0.19563963 -0.25293294 -0.14128363 -0.037557963 0.08435004 -0.32242453 0.005459202 -0.007051766 0.048500817 -0.17584245 -0.17876883 0.2013852 
-0.10202052 -0.03763887 0.17621551 -0.07577732 -0.27253154 0.18629383 0.16186082 -0.16253147 -0.38742325 0.08356304 -0.20861146 0.055356033 -0.080862254 0.29397255 0.2364369 0.13882767 -0.12829371 0.41947326 -0.03136601 0.38140374 0.086222015 0.03459797 0.30815756 -0.0015962984 -0.20247748 -0.2683975 0.05830364 -0.04635335 0.30733415 0.12424117 -0.24008155 0.105973475 0.3492527 -0.17259578 -0.22211103 0.18830523 0.12096109 -0.26022375 -0.102549136 -0.23795208 -0.12377942 0.25919962 -0.019473856 -0.33004874 -0.4357867 0.15538311 -0.23989491 -0.07021218 -0.18892007 -0.11008179 
-0.037995532 0.049199928 0.18222605 -0.059720293 -0.041336495 0.17019278 -0.38357806 0.14311464 -0.090014555 -0.25926778 0.13388751 -0.033423826 0.028073596 0.0760212 0.008889597 0.011258702 0.4211878 -0.19605672 -0.09294787 -0.091609426 0.44625303 -0.49195018 0.19893903 -0.036309987 -0.1632151 -0.20134084 0.28089425 0.3850752 -0.10954964 -0.41696814 -0.2553611 -0.051208522 0.25872183 -0.11720144 -0.26927486 0.20801099 -0.21456163 -0.057377618 0.06333912 0.2349272 -0.44020867 0.07128167 0.0073936903 0.112427086 -0.017352194 0.5347605 -0.26480412 -0.09301112 -0.023092728 -0.03556133 
0.51182353 -0.14003931 0.04019414 0.59048444 -0.19999018 -0.099965036 -0.067408785 -0.1570717 -0.2779726 -0.045740236 -0.5380126 0.281946 -0.10183339 -0.06729533 -0.37259853 -0.15481162 -0.18946704 -0.016242776 0.06621743 -0.26189595 0.023314903 0.08607599 0.03194863 -0.014423643 0.06490166 -0.15064405 0.10976417 -0.18975869 -0.22535397 -0.30518064 -0.034395576 -0.14725718 0.14671402 -0.25277573 0.2503582 -0.22661757 0.25528324 0.027232261 0.10147326 0.3790995 0.036454767 0.19256762 -0.3697896 0.04107743 -0.011911426 -0.019530458 0.2789081 0.31099698 0.22636802 0.040474627 
-0.04248539 0.13094625 0.36468425 -0.06193922 -0.030889576 0.3736322 0.55056125 -0.18836297 -0.024380738 0.19212177 -0.06342887 0.22866046 -0.014928177 -0.23337537 0.11969617 0.01061324 -0.027245698 -0.24795432 0.31938678 0.23630339 0.0508618 0.18350363 -0.024209341 0.12782004 0.1765662 0.16480659 0.13056071 0.28440663 0.3617984 0.12369017 -0.21222627 -0.26792315 0.05076403 0.28884882 0.38116458 0.24841805 -0.360373 -0.2249971 0.1394014 -0.07833905 0.37478623 0.2411856 -0.04166412 0.23057051 -0.08173331 -0.024180528 -0.026913656 -0.045779176 0.15227368 0.034435574 
-0.20489493 0.15512562 -0.022259612 -0.0014339159 0.15757768 0.3184996 -0.23058742 0.08278108 0.19884138 0.062188484 0.3563946 0.21823472 -0.10858651 0.16548009 0.2595006 -0.15207498 0.15012705 -0.11946051 -0.20038146 -0.20667626 0.15032542 -0.355973 0.4814122 -0.22143416 0.007338362 -0.091919504 -0.069162786 -0.12833752 -0.12942207 -0.045121923 -0.089570574 0.1988999 -0.22045559 -0.14376475 0.07546904 0.30797985 -0.25900513 -0.32914993 0.12859939 -0.12554313 0.0010334488 -0.16156173 0.0023393214 -0.03086847 0.22523129 0.25727224 -0.10643571 0.059002694 0.06164233 0.03273509 
0.2673688 -0.10727447 -0.17424671 0.03901777 0.27781487 -0.12886585 0.17150748 -0.06197005 0.14489816 0.049656298 0.24009326 -0.04285389 0.0494102 -0.08891012 0.44647548 -0.100070275 -0.1869097 0.026207162 0.13206202 -0.14563532 -0.27063316 -0.0005590371 0.25106537 0.09235887 -0.05937025 0.29534206 0.16708393 -0.07334287 0.53482497 0.017572107 -0.3876049 0.15222795 -0.033789743 0.033944353 0.20430209 -0.35343647 -0.56383395 -0.15160988 -0.1412519 0.37867844 0.08530063 -0.010873971 -0.14253189 -0.21128908 0.41262242 -0.12111775 0.19229254 0.37816665 0.016948927 0.13987389 
0.17521933 -0.071903996 -0.118068345 -0.027994806 -0.22304942 -0.19813196 -0.19361149 0.0060380492 -0.10066134 -0.1798006 0.108972624 -0.069104835 -0.29449967 -0.28165928 0.33239436 0.13031341 0.027258852 -0.051282663 -0.18202144 -0.24622782 -0.3517507 -0.43808755 0.29580402 -0.09733091 -0.16182299 -0.008678454 0.25703922 -0.18305534 0.11121257 -0.056697298 -0.27528825 0.38629523 0.112609595 -0.07959263 -0.2630726 0.14694637 0.09272157 0.22564507 0.22954376 -0.2664172 -0.10318591 0.46445656 0.28455916 -0.078133084 0.34863204 0.07557261 0.00125376 0.04089856 0.038916346 0.07295311 
0.14030282 -0.03296716 -0.16940783 0.21514687 -0.035673082 -0.040795453 -0.09946965 -0.11635243 -0.118055835 0.039722458 0.092949726 0.19678906 -0.21922302 -0.111171134 0.013062499 0.095447615 0.061517943 0.052982047 -0.17499872 -0.084173456 0.002385721 0.034075234 0.02766878 0.24288955 -0.24723034 -0.036833588 0.12385601 0.05642241 0.046646893 -0.010473515 -0.04867116 -0.024762068 -0.09420619 0.10461324 -0.32230607 -0.26275036 -0.067914486 0.4735092 0.016357316 0.18741241 0.13219514 -0.11289416 -0.13037914 -0.0038689259 0.18808037 -0.1503182 -0.12033553 0.048260506 0.428148 -0.0013941297 
0.15063332 0.22107816 -0.013049503 0.3482399 -0.22036706 -0.21095523 -0.0019548505 0.026567686 0.17869015 -0.14423735 0.0465998 -0.21751569 -0.23508933 0.03437432 -0.20934755 0.021699868 0.2173986 -0.22948271 -0.036546666 -0.08697093 -0.11089833 0.41044995 0.021861922 0.26212904 0.016999621 0.33499292 -0.026304422 0.19740896 -0.109100536 -0.046045505 -0.015268788 0.12644778 0.07200007 -0.072131544 -0.17398778 -0.15425225 -0.095364906 0.19070067 0.18976642 -0.21629879 0.19300754 -0.08966549 0.24256258 -0.1195983 0.26101005 -0.10542008 -0.12042381 -0.02700091 0.3978896 -0.096114844 
-0.37919888 -0.20776777 -0.22320427 -0.1060142 0.010319684 -0.07782404 -0.18651731 0.23456414 -0.27464572 0.20514299 0.22005916 0.05250886 -0.005411961 0.12253398 -0.17305285 -0.46940807 -0.19789958 -0.087575056 -0.10442701 0.110587314 -0.32284176 0.19152342 0.22434439 0.2524865 0.3891076 -0.35014358 -0.043383226 -0.42399773 -0.55844706 -0.051448524 -0.09546979 0.3902242 -0.3200084 0.07722418 0.03007877 -0.17866582 0.1720264 0.10831155 0.03454332 -0.021908434 -0.1348384 -0.20266317 -0.17585166 -0.20889114 -0.034224596 0.0058240844 0.07753418 -0.17094825 -0.06777822 0.5034745 
-0.23605719 -0.1519232 -0.2517633 0.278198 0.20204093 0.3749687 0.015722606 -0.1735601 -0.048299503 -0.021694455 -0.41546226 0.20141399 0.39352247 -0.089471556 0.092117764 0.27862194 -0.08992717 -0.032377616 -0.09494534 -0.10369132 0.14245003 -0.123960756 -0.024276376 0.13721782 -0.30666363 -0.088640325 0.2124633 0.21283448 0.37142777 -0.1375207 0.095049106 0.08121898 -0.38842472 0.2100603 0.06750826 -0.360606 0.16479416 -0.3352748 -0.31228778 0.17350462 0.040405296 -0.10616283 0.21877077 -0.121659264 -0.19147158 -0.12410558 0.24807516 -0.09993694 -0.060651284 0.42188033 
-0.19605605 0.025798822 -0.0573168 -0.20150565 0.011874535 0.24021594 -0.092172734 0.08799106 -0.36862293 -0.17476523 -0.1871561 0.016203625 -0.17287488 -0.43813503 0.23221862 -0.08458781 -0.14905496 0.4132201 -0.18083808 0.14712103 0.15236473 -0.015195983 0.17947342 0.20832857 -0.0494141 0.055330236 0.08168918 -0.3519329 -0.398718 0.42056087 -0.029883007 0.20134956 -0.097673416 0.2422656 0.21879129 0.4084553 0.19220905 -0.07559631 -0.18305834 -0.09006069 0.008477909 0.23357539 0.14657512 0.089413464 -0.2558723 -0.059526857 0.0023372383 -0.25412396 -0.4982151 0.0017868967 
0.14603512 -0.0013132228 0.11882364 0.084018454 0.19487767 -0.21360219 0.02517598 0.17475581 -0.30808374 0.25484684 -0.07497148 0.038743738 -0.03303883 -0.14568777 -0.059200685 0.02833054 -0.014597612 0.29172412 0.062055603 -0.31380397 -0.23915417 -0.013321286 0.04748779 0.1625744 -0.0017890783 0.13865714 -0.13101532 0.4280527 0.230327 -0.3467138 0.3443962 -0.14819172 0.11455441 0.43183455 -0.047164332 -0.04419028 0.044789344 -0.23572998 0.14248127 0.081531115 0.05057413 0.0982881 0.18080153 0.57978743 0.22198069 0.18606381 -0.18141863 -0.2202692 -0.00091665494 -0.29386875 
-0.13716155 -0.29051292 -0.115324005 -0.06616824 0.4698874 -0.1145824 0.13041392 0.17124172 0.012686873 0.09926608 -0.15316644 0.07753623 -0.13241754 0.23429595 0.13339248 -0.12942572 0.4108732 -8.201823e-05 0.31932804 -0.082591385 0.20540248 0.17414327 -0.09470812 0.22576705 0.11609549 -0.17552818 -0.1475429 -0.20521058 -0.14866775 -0.03699979 -0.20867372 -0.20849653 -0.06515781 -0.07703815 0.19856934 0.14728051 0.14595143 0.15616184 0.3072482 0.28064236 0.07145645 -0.018112179 -0.2216307 -0.025779294 0.19753733 0.1624145 0.036875233 0.043886244 0.2890403 0.32307068 
-0.35608572 -0.07203262 -0.31657174 0.13858192 -0.05287795 -0.39493793 -0.36321527 0.15597448 -0.26296026 -0.0538002 -0.46029055 0.08208581 0.06707898 0.07633981 -0.13469306 0.09091823 0.12926018 0.28198716 -0.2991043 0.15974192 -0.07076358 0.0045484365 -0.117810644 -0.034021206 -0.053612716 0.25144762 0.15300973 0.039064772 0.37867355 0.10237963 -0.113718346 0.24056646 -0.03682293 -0.09689085 -0.022605622 0.1176261 0.026252722 0.12544444 0.19222791 0.22677775 0.23016313 -0.2466022 0.18464866 0.09677817 0.070455566 0.2106448 -0.19986334 0.19455199 -0.2628718 -0.17238365 
-0.5098099 -0.036278266 0.027330833 -0.05090128 -0.039821174 0.16618146 0.274982 -0.4443538 0.07980031 -0.09933818 0.04444834 0.18833381 -0.16309318 0.04811973 -0.11088203 0.07590042 0.18824376 0.20193991 0.175712 0.08773554 -0.20320287 0.19210815 0.14145114 0.00578052 0.12880595 0.2562265 -0.10097472 0.16003484 -0.0034896955 0.12020327 -0.07389865 0.17391592 -0.14398912 -0.22642864 -0.0036945734 -0.19735561 0.04500864 -0.2090858 0.054833993 0.11877677 -0.24728623 0.42770675 -0.13493297 -0.042401638 0.078883365 0.10972224 0.05568693 0.08657031 0.18418443 -0.018300686 
-0.0638492 0.1529391 0.27582514 -0.29630822 0.3486579 -0.16710038 0.21602923 0.38615835 0.29548767 0.17377158 -0.28358167 0.3009217 -0.15026836 -0.12960376 -0.0012443763 -0.0054619545 -0.19734128 -0.31905958 -0.07196759 0.15553607 -0.11252152 0.17604493 0.068517536 0.35774663 0.09152089 -0.043285258 0.39949897 0.048634153 -0.05638342 -0.07665459 -0.14889641 -0.29023725 -0.20999345 -0.20412295 0.10447626 0.083480336 -0.2367279 -0.02536139 -0.07365837 0.059082534 0.161426 0.14463885 -0.18824813 0.049166735 -0.2735639 -0.054920025 -0.09311022 0.30217376 0.2683758 -0.113176055 
-0.2626988 -0.076606505 -0.05082282 -0.20669998 -0.21144316 0.006003134 0.30001873 0.05996992 -0.027359856 0.12663788 0.538723 0.09417364 0.032649465 -0.25880414 0.3313275 -0.1549055 -0.05768622 -0.04216531 -0.03725674 0.214846 0.090131156 0.3592561 -0.16763318 0.21390289 -0.45821106 -0.21108516 0.20304841 0.2017445 -0.0057238606 0.19939579 0.10762081 0.13336521 -0.18175389 0.0882547 0.34979495 0.34125307 0.28197846 0.089132234 -0.12284805 -0.065065816 0.13009122 -0.07456025 0.067307346 -0.09644588 0.34451815 0.10998892 0.030167334 0.2873414 0.028452475 0.32802215 
0.3435376 -0.30008313 0.1153542 -0.09400363 0.10051666 0.33804148 0.13375941 0.13223848 -0.17154203 0.09320736 -0.20574594 0.16634311 -0.110744655 0.40849987 -0.3835002 0.38799044 -0.0061920886 -0.22387093 -0.09068512 0.057428118 -0.014283904 0.077739045 -0.039303616 0.11937101 0.2590276 0.29020292 0.22124602 -0.009279172 0.30513144 0.003717238 0.0745478 0.0060067615 -0.07964327 0.025447663 0.11420144 -0.062793225 0.08013549 0.018876245 -0.015584675 0.0034791825 0.10828212 -0.20198646 0.4808132 0.09190658 -0.019670118 -0.09938505 -0.04849327 0.17548501 -0.25640443 0.28855345 
-0.10125341 -0.23855112 0.21633768 -0.01949018 -0.045640405 0.053545736 -0.010629941 0.003699782 0.16373435 0.29352847 0.09563689 0.053025097 -0.17774037 0.09546269 0.13299179 -0.34052578 0.08227559 -0.018113138 -0.22783048 -0.15830672 -0.18477064 0.08330255 0.22684085 0.016305836 -0.19608764 0.027044507 0.054977607 0.05570528 -0.004931398 0.19665258 0.2046906 0.056193624 0.23927063 0.008696747 0.32081896 0.222586 0.086191185 -0.067769386 -0.11182088 -0.23649538 -0.22308226 -0.30941996 -0.10395471 -0.04895737 0.016052637 0.037899144 -0.08749163 0.20288408 0.48173895 0.22271018 
-0.016103256 -0.00013508782 -0.07974091 -0.053639717 -0.14756942 0.39203694 -0.051625546 -0.091061585 0.111457825 0.13830891 -0.17305487 0.052005585 0.3658238 -0.17247048 -0.19159265 0.17438094 -0.026076034 -0.091263145 0.29150605 0.078299746 -0.2551515 -0.12724464 0.16564329 0.029641371 0.0013185914 0.24183552 -0.1966467 -0.07954907 -0.0067912745 -0.47879964 -0.27521494 -0.014039326 0.12164675 -0.18031023 -0.2854456 0.0009148646 -0.32747254 0.11318506 -0.18807934 -0.019627845 0.18320976 -0.06247511 -0.42036855 -0.3737351 0.1724388 0.121349014 -0.30045322 0.045426186 -0.1123469 -0.023849117 
-0.23738301 0.053405337 0.12381832 0.20568524 -0.13798271 0.037977103 0.14456332 0.44557986 0.2925949 -0.24508731 0.014013976 -0.10317799 0.16712688 -0.14875247 0.30744457 0.099299595 0.10197435 -0.113193095 0.039462864 0.2554244 0.024293136 0.06238071 -0.26158345 0.0072626737 0.019634884 -0.21984667 -0.06429013 0.25217128 0.14309433 0.38270888 0.0044281967 0.010897909 -0.11661261 -0.07679708 0.043306977 -0.013168099 0.106839836 -0.087858304 -0.009848248 -0.28531277 -0.37660003 0.20917745 -0.24727839 -0.13437323 0.07254265 0.23237388 -0.4305332 -0.21990108 0.18747431 0.065509446 
0.004173584 -0.07718207 0.019342389 -0.12241176 0.056853354 -0.19182216 0.35376674 -0.31206912 0.11074359 0.100549236 0.38400945 0.32785785 -0.04065522 -0.09849662 0.34573177 0.08437096 0.132071 -0.27332067 0.0011836209 0.026343232 0.1376491 0.24151303 0.12087721 -0.10783408 0.0102805 0.091766804 -0.05198575 -0.18939286 0.07239737 -0.07439574 0.0241381 -0.5039815 -0.072032824 -0.09156837 -0.032446675 -0.09033801 0.08119472 -0.09988539 -0.032534637 0.24529152 0.1558413 -0.10131402 0.15997018 0.18074365 0.042637248 -0.06419155 0.09414747 0.09665285 -0.11232038 -0.14815222 
-0.04456758 -0.046993155 0.18272832 -0.1796381 -0.40224904 0.08061026 0.23307121 -0.09089124 -0.25382638 -0.2074889 -0.039678153 0.15820867 -0.32556048 -0.1411088 0.25417805 0.09105886 -0.014821244 -0.07109365 -0.05254942 0.2058156 -0.35119197 0.0126513345 -0.15405034 0.2790729 -0.093138635 0.06600928 -0.036972713 -0.08620553 0.040508673 -0.11047955 -0.11751803 0.21961708 0.111290544 -0.15537238 0.017872268 0.3574331 -0.1586852 -0.10148005 0.0035906206 -0.15260819 -0.15819079 -0.17076473 -0.02738005 -0.050900873 -0.32702273 0.15797612 -0.30492938 -0.08883022 0.22665568 0.1431735 
0.07582053 -0.054879006 -0.44598985 -0.036696255 0.13521147 -0.38756883 -0.08979783 0.118760765 -0.11778578 -0.033915993 -0.062659524 0.21023412 -0.00033185811 0.13596287 -0.4690468 -0.33806905 -0.12646495 -0.25395292 -0.2736342 0.1996537 -0.3969928 -0.21946763 -0.06312822 -0.069812916 4.7549824e-05 0.005406837 -0.24395877 -0.030092968 -0.1633435 -0.118714795 0.18990697 0.16283672 0.10452061 -0.083196945 0.049090788 0.14575127 -0.13517012 0.0064846086 -0.12747958 -0.25075576 0.046639714 0.53486425 0.26189247 -0.058881033 -0.2534355 -0.22243132 0.10764945 0.2962483 0.16282126 0.09021288 
-0.19834766 -0.32547134 -0.2437733 0.052081212 -0.059885517 0.023086052 -0.076142326 -0.028697424 -0.29959425 0.4932665 0.21930178 0.12937477 -0.33116794 0.20453057 0.032035414 -0.095599614 -0.45236903 -0.46856475 0.1391034 -0.14132062 0.3117494 0.14030722 0.30869922 -0.19579794 -0.36291495 -0.13168332 -0.256455 -0.18412519 0.18748468 0.45247704 0.10446326 0.23599717 -0.190731 0.042075124 -0.053285908 -0.023142057 0.27506354 0.23897302 -0.0450395 -0.08244429 0.16067964 0.13136272 0.051700223 0.12692611 0.08391224 0.037974156 0.19344424 -0.2415939 -0.58440655 -0.18088484 
0.30486196 -0.269806 0.11753064 0.09411973 0.04351799 -0.072730035 -0.24451676 -0.12224272 0.22981058 0.14211486 0.004634723 -0.0021907964 -0.1359017 0.08865434 -0.438586 -0.10106314 0.39597085 -0.0632191 -0.18821506 -0.36505356 0.026868425 -0.13189773 0.15699838 0.039161764 -0.23603578 0.13549499 0.22786719 -0.16443847 0.3126406 0.2534734 0.13889194 -0.32269344 -0.12802123 -0.12713164 -0.3762398 -0.027169706 0.19639578 0.0450324 -0.17075375 0.2532354 0.24877758 0.10622142 -0.037384294 0.16962835 -0.24642122 0.28152642 -0.2575534 -0.017515566 0.16400056 0.05241829 
-0.124784544 -0.34403604 0.009601495 -0.060925644 0.04789996 0.09387183 -0.14747357 -0.17610545 -0.14413518 -0.03436012 -0.06948853 0.22368503 -0.08973979 0.4303319 0.05357726 0.2460114 -0.099561565 -0.38186437 -0.5448681 -0.08649498 -0.0026629765 0.29604164 -0.1709269 -0.035507098 0.22621857 -0.25478357 0.41527334 0.06036593 -0.17753302 -0.07739085 0.18240231 0.22223675 0.051411007 -0.14539076 0.31968316 -0.008500159 -0.4385001 0.009476898 -0.05190962 0.03245611 -0.04407105 0.3020466 -0.18103617 0.08544542 0.24060476 0.25244984 0.09651433 0.16051514 -0.07162635 -0.19512217 
0.047737733 -0.31429213 -0.032881744 -0.13973053 0.32898042 -0.30287734 -0.3414563 0.13166417 -0.118188486 0.021091042 -0.08816594 -0.118318796 0.026653752 0.5699045 0.36800477 0.039046757 0.18808575 0.24120715 0.20993476 0.07914774 -0.1523504 -0.25066423 -0.06117878 0.09441452 -0.013331296 -0.2732259 -0.2160663 -0.2530742 0.37186804 0.16394828 0.2710805 0.19078468 -0.069837295 -0.41894668 -0.044003963 0.38805574 0.11853517 -0.11471891 -0.009499488 -0.15141667 0.18822706 0.28706053 -0.082545035 0.18428305 -0.09558591 0.13128936 0.38277104 -0.1465594 -0.10576803 0.06684232 
0.23696683 -0.60835207 0.0815242 -0.08516959 -0.023530668 -0.0830661 0.1037989 -0.37380427 -0.32304677 -0.07632321 0.3298333 0.0855647 -0.03313121 0.18700261 0.13811377 -0.09838363 -0.058996536 -0.2290403 -0.35799903 -0.22523329 0.26674876 -0.03773541 -0.18948467 -0.12941961 -0.07382215 0.00011385801 0.09135926 0.19504814 0.04608452 -0.24239157 -0.059497517 0.08962096 0.20078218 -0.14564906 -0.11747625 0.11862921 0.12382277 -0.19426338 -0.0081728 0.019552454 0.23267816 0.13183106 -0.15559973 -0.31177792 -0.35948336 0.055704955 -0.0918926 0.111259446 -0.082670026 0.019867891 
0.16716586 0.19649109 0.31744447 -0.016165234 0.38973635 -0.22353873 -0.20096204 -0.20668961 -0.11342196 -0.42709184 -0.016666701 0.027040837 0.03175617 0.28725556 -0.19010724 -0.42685923 -0.29023066 -0.054509666 -0.08181411 0.121436596 -0.07532445 0.14701608 0.020530133 -0.0137464125 0.57568085 -0.025779663 -0.091012225 -0.046842255 0.09835336 0.20013818 -0.047822796 0.32655504 -0.076869905 0.1783029 0.5145611 0.20800735 0.035632156 -0.013481353 -0.103097476 0.12837541 -0.14794092 0.29913425 0.1959843 -0.2540569 0.22004183 -0.29261225 -0.06356631 -0.09472113 -0.0538473 -0.3283131 
-0.19677089 -0.21197759 0.03325205 -0.17868274 -0.113488734 -0.22442164 0.14194404 -0.3822774 -0.0654784 0.07011216 0.29360926 -0.36130497 0.07131191 -0.13901633 -0.10852556 -0.17154242 0.056543432 -0.08356238 -0.089296006 0.22902614 -0.33146468 -0.053726483 0.05477337 -0.16707867 -0.045199268 -0.19462541 -0.1215313 -0.090264656 0.12519035 0.30695325 0.1647613 0.12701936 0.017821727 -0.28293288 -0.022565182 0.021457316 0.28098896 0.1356589 -0.4718616 -0.28457138 0.32102695 0.07711976 0.356809 0.25243315 0.0050414638 -0.015007668 0.09166967 -0.15674363 -0.17164774 -0.03341578 
-0.19458982 -0.003914464 -0.6447902 0.01870407 -0.24135517 -0.02977987 0.015748268 -0.30406028 0.28799832 0.27791953 0.16098045 0.28426436 -0.14028575 0.16665794 0.13809067 -0.44343433 -0.25169998 0.23082677 0.056506153 -0.1762141 -0.12708564 -0.08305319 0.09081583 -0.20613746 0.18022276 -0.39800256 -0.11352961 -0.23993346 0.16848238 0.0546468 -0.22379819 -0.07904925 -0.01279829 -0.15658696 -0.12359491 -0.11601269 0.0008216056 0.03483896 0.31652242 -0.32229382 -0.08611326 -0.2576746 -0.34964952 -0.22903457 0.17123023 0.18466604 -0.03444793 -0.36813378 0.07508493 0.26415688 
-0.2934099 0.15502365 -0.35176942 -0.21348469 0.21300279 -0.26901096 0.09580787 -0.18969387 -0.24575783 -0.04148027 0.19238764 -0.093023404 -0.14800197 -0.1869922 0.04608522 0.14357781 -0.57295537 0.12078735 -0.018232392 0.15223737 -0.41581628 0.10201898 -0.48667884 -0.15869041 0.3422191 -0.15753393 -0.39206862 0.19981045 0.037777573 -0.12708876 -0.5029015 0.19103093 0.09687539 -0.12639646 -0.088068664 -0.33033514 -0.039650664 -0.1498185 0.2363297 0.015240689 -0.046492044 -0.016100593 0.31021124 -0.14172323 -0.09279626 -0.16139655 -0.044951357 -0.07459663 -0.14988211 -0.11053653 
0.27109757 -0.038607217 -0.014488834 -0.14534763 -0.06630287 0.03646326 -0.20463859 0.23943369 -0.014483663 -0.12984283 -0.047938664 -0.18667437 -0.17665316 -0.06592494 0.35693717 -0.07443007 -0.06249239 0.16157152 -0.035340603 -0.24648319 -0.008252377 0.29994634 0.040086143 -0.22268318 0.22601438 0.2505561 0.16555111 0.017986 -0.29691237 0.11019266 -0.19976938 0.50961083 -0.12322373 0.18063465 -0.1787929 -0.19927944 -0.21465741 -0.10427859 -0.15281244 -0.0073925867 -0.012332558 0.19878392 -0.00060887606 -0.16047132 -0.24918166 0.002630767 -0.052728027 0.1439356 -0.05151249 -0.057048947 
-0.023864476 -0.33771724 -0.11206036 0.18260482 0.1630809 0.019805027 -0.38595206 0.14326563 0.15354604 0.20365053 -0.1305529 -0.09399688 -0.15486789 -0.1735782 -0.018119326 -0.18444404 -0.1335126 0.08054871 0.10236419 0.048396036 -0.45942354 0.14302844 -0.08029779 -0.2022049 -0.2526564 -0.47838777 0.14340675 0.011855012 0.40855902 0.16357487 -0.06681364 0.5357957 -0.03970833 0.16884884 -0.019697856 -0.026316484 -0.31155482 0.46127507 0.12931101 -0.034083005 0.24461389 -0.027123615 -0.16246863 -0.1800794 -0.19744861 0.09246987 -0.29448086 0.05110481 0.024825502 -0.04543441 
-0.12505154 0.25997877 -0.25147536 0.2060359 -0.17388766 -0.26324058 -0.14079295 0.04508104 -0.044228386 0.11656749 0.30400214 -0.080689125 0.08549642 -0.22458564 -0.005934026 -0.06102096 0.1364263 0.07698828 -0.2338507 0.010282538 0.16951036 0.013109395 0.10193033 -0.0030180987 -0.008825937 0.024413496 0.03069068 0.08350499 -0.3260037 0.035771184 -0.24901053 0.32391182 0.2113511 0.092981406 -0.08286128 -0.2385169 0.10616078 0.030577071 -0.030264368 0.59735715 0.11576651 -0.14998068 0.38130713 0.20408338 -0.03428907 0.41179058 0.39749366 -0.40273198 0.07922576 -0.15725802 
0.12993126 -0.24656112 0.052080296 -0.02493321 -0.022192286 0.13451551 -0.23293509 0.10369274 0.18230638 0.4124334 -0.29843676 0.1108832 -0.21405582 -0.37028593 0.20691425 -0.22894941 -0.088612214 -0.15419118 0.3174709 -0.08434267 0.08613086 -0.03946444 -0.14246354 0.07740335 -0.25850374 -0.20453183 0.066657655 0.4097404 0.027350655 -0.085102625 0.22691667 0.16715115 -0.046571597 -0.064460926 -0.00020962709 0.022088235 0.12373491 -0.069704525 0.09670611 0.11918462 0.23924296 0.250207 -0.050460476 -0.23759083 0.0133014815 -0.024139412 0.2723467 0.19404317 -0.33831114 0.1793454 
0.16166706 -0.1155393 -0.27046874 0.20695983 -0.3523613 0.1733849 -0.07321081 0.048482426 -0.092391595 0.069815256 0.20943506 0.033558954 -0.06708574 0.009999444 0.12995596 -0.4022306 0.014978955 0.026012631 0.032892697 -0.095614865 -0.27896515 -0.2187825 0.02058592 0.07624951 -0.22606361 -0.40722716 -0.36755592 0.48268765 -0.047001865 -0.060331546 -0.059945423 -0.18133634 0.380581 0.1318192 0.041993536 0.2081697 0.16402228 0.088294804 0.308592 0.11674984 0.290393 -0.3441738 0.21361256 0.027674872 0.08985573 0.21910866 0.07578965 -0.16153927 -0.13261992 -0.40475345 
-0.028783701 -0.21750513 -0.079841286 -0.10011397 0.10227293 -0.111359514 0.099337086 -0.01347158 -0.019963177 0.120308384 0.08064074 -0.16191292 0.10687584 0.18970126 -0.28580663 0.18497393 -0.11834725 0.14562058 0.12984405 -0.03289265 0.33262166 0.006969262 0.22968028 0.04980136 -0.04929656 -0.054901313 0.24131966 0.005431677 -0.4344458 0.039130658 -0.23924716 0.25613227 -0.09787263 -0.10831085 0.20967858 0.123081185 -0.079009965 0.21209507 -0.31437424 -0.16171545 -0.17701894 0.02366264 -0.16257322 -0.0025240404 0.13507609 0.16198334 -0.063601084 0.06609601 -0.19152007 0.09707413 
-0.009178942 0.325421 0.17141719 -0.12769954 0.21719888 -0.26702568 0.38994718 0.26166818 -0.23781198 0.100110814 -0.015233003 -0.24534006 -0.14996585 -0.06046615 0.34091586 -0.08759916 -0.18722452 -0.14573137 0.29239836 -0.078348555 -0.12994567 0.22706267 0.027482796 0.25130737 -0.029218882 0.114306726 0.06477626 0.24013054 0.08283293 -0.14848675 0.27353597 -0.010345359 -0.1531391 -0.08071698 0.0054480494 0.04638961 0.29745877 -0.3258926 0.1408458 0.24739686 0.36647 0.3242463 -0.11993436 -0.22606026 0.06440786 -0.1960697 -0.16181801 0.18883382 0.14513735 0.18619175 
0.1552641 0.32737708 -0.12462409 0.058613513 -0.17707485 0.014489164 0.24387968 0.114362545 0.2428281 0.35935023 0.15117833 -0.1584212 -0.13583045 -0.0678104 0.021210082 0.05844612 -0.078102246 -0.23179899 0.40103826 0.055178374 -0.060910206 0.004250835 -0.046913903 0.01902475 -0.4026545 0.3299557 0.17011423 -0.0027415275 0.28887767 -0.020353075 -0.19973162 -0.26943138 0.056360994 -0.02052279 -0.1835413 0.25455603 -0.09278854 -0.27250758 -0.38627955 0.44954604 0.025443299 0.07098037 -0.49081367 -0.23841909 -0.1056831 0.10233009 -0.062585846 -0.14168526 0.053128224 -0.321182 
-0.026525656 0.066793576 -0.021731611 0.16278294 -0.09756569 -0.13065535 0.1277663 -0.10698292 0.13703667 0.2918529 0.061018232 -0.3502361 -0.0799197 0.13695842 0.41567388 0.22693935 0.10880137 -0.1614003 -0.1508647 -0.10320033 -0.06738263 0.152959 0.174016 0.15290494 -0.10868856 0.16083623 0.043884736 -0.13031352 0.20467116 -0.23040457 -0.058287874 -0.07169944 0.12595329 -0.17315796 0.031386245 -6.180593e-05 0.13293989 0.03854009 -0.021820974 -0.055775747 -0.38927937 -0.04590627 0.19261175 0.052101392 0.08451591 -0.05988552 0.27828327 0.080021694 -0.11425462 -0.3274025 
0.023276223 0.05042769 0.008997679 -0.0046598036 0.03468907 0.03982108 -0.0316483 -0.0032864145 -0.0012932011 0.011791669 0.042815015 0.05288993 0.029626392 0.057775307 -0.010857482 0.053647585 -0.0071103964 0.028531676 -0.016445529 0.04660221 0.011259081 -0.0151663935 -0.010157062 0.00027830125 -0.013527656 0.013878399 0.038698833 -0.014686286 0.011845708 0.045951206 -0.016512614 0.029681453 0.0155645935 -0.014169604 -0.009380158 -0.015703442 -0.004045731 0.0352554 -0.007347173 -0.017238013 -0.026449937 0.018448062 -0.017734602 0.046263684 -0.0036292076 0.018189667 0.000823122 -0.020667445 -0.006178878 0.045817714 
-0.18174046 -0.17500357 0.26471934 0.15597874 0.037143305 -0.078353934 0.09061642 0.07487778 0.048918057 -0.3030102 -0.2768232 0.116190225 -0.3783435 -0.085658245 -0.08974687 -0.24285609 -0.15403341 -0.1626619 0.09895114 -0.24470389 0.38001233 0.25594383 -0.22183 0.23779269 -0.13123424 0.12945385 0.042661034 0.15679649 -0.15607148 -0.14270988 0.38520157 -0.20276584 -0.017931493 0.030775875 -0.022763329 0.1117285 0.14490104 -0.12683922 0.31180975 0.18851556 0.41405007 -0.061942693 -0.0366354 0.13651337 0.14005981 -0.27281266 -0.07194114 0.3041247 -0.2690256 -0.049901027 
-0.018418517 -0.11200407 0.123011306 -0.13930586 0.10601275 0.037588134 -0.045854304 -0.05280453 -0.363528 -0.24571468 0.10807146 0.3659794 -0.29011968 0.41766405 -0.10890354 -0.10156703 0.15745267 -0.044533037 -0.19638127 -0.09000192 0.23429894 -0.32203442 -0.38697964 -0.13726422 -0.51186746 0.13276379 0.34014338 -0.12623279 0.2737816 -0.040555555 -0.15200327 -0.014362323 0.15042293 -0.120728776 -0.027175084 0.057689764 -0.1955387 0.489614 -0.45657185 0.0072134417 -0.018216012 -0.03858019 -0.0809779 0.32210726 0.023230188 -0.04899826 -0.2006545 0.13707215 -0.32738233 0.021777876 
-0.021647984 0.041647993 
